6.3, 0.48, 0.04, 1.1, 0.046, 30.0, 99.0, 0.9928, 3.24, 0.36, 9.6, 6
6.5, 0.31, 0.14, 7.5, 0.044, 34.0, 133.0, 0.9955, 3.22, 0.5, 9.5, 5
6.4, 0.31, 0.38, 2.9, 0.038, 19.0, 102.0, 0.9912, 3.17, 0.35, 11.0, 7
6.6, 0.27, 0.41, 1.3, 0.052, 16.0, 142.0, 0.9951, 3.42, 0.47, 10.0, 6
7.0, 0.28, 0.39, 8.7, 0.051, 32.0, 141.0, 0.9961, 3.38, 0.53, 10.5, 6
7.2, 0.32, 0.36, 2.0, 0.033, 37.0, 114.0, 0.9906, 3.1, 0.71, 12.3, 7
7.3, 0.28, 0.43, 1.7, 0.08, 21.0, 123.0, 0.9905, 3.19, 0.42, 12.8, 5
6.7, 0.23, 0.26, 1.4, 0.06, 33.0, 154.0, 0.9934, 3.24, 0.56, 9.5, 6
7.0, 0.31, 0.26, 7.4, 0.069, 28.0, 160.0, 0.9954, 3.13, 0.46, 9.8, 6
6.0, 0.19, 0.26, 12.4, 0.048, 50.0, 147.0, 0.9972, 3.3, 0.36, 8.9, 6
6.8, 0.22, 0.24, 4.9, 0.092, 30.0, 123.0, 0.9951, 3.03, 0.46, 8.6, 6
6.2, 0.35, 0.03, 1.2, 0.064, 29.0, 120.0, 0.9934, 3.22, 0.54, 9.1, 5
7.4, 0.24, 0.29, 10.1, 0.05, 21.0, 105.0, 0.9962, 3.13, 0.35, 9.5, 5
6.2, 0.27, 0.43, 7.8, 0.056, 48.0, 244.0, 0.9956, 3.1, 0.51, 9.0, 6
8.6, 0.23, 0.46, 1.0, 0.054, 9.0, 72.0, 0.9941, 2.95, 0.49, 9.1, 6
6.8, 0.25, 0.31, 13.3, 0.05, 69.0, 202.0, 0.9972, 3.22, 0.48, 9.7, 6
6.1, 0.27, 0.43, 7.5, 0.049, 65.0, 243.0, 0.9957, 3.12, 0.47, 9.0, 5
6.0, 0.21, 0.24, 12.1, 0.05, 55.0, 164.0, 0.997, 3.34, 0.39, 9.4, 5
6.9, 0.33, 0.28, 1.3, 0.051, 37.0, 187.0, 0.9927, 3.27, 0.6, 10.3, 5
5.9, 0.36, 0.04, 5.7, 0.046, 21.0, 87.0, 0.9934, 3.22, 0.51, 10.2, 5
6.7, 0.19, 0.36, 1.1, 0.026, 63.0, 143.0, 0.9912, 3.27, 0.48, 11.0, 6
6.5, 0.24, 0.32, 7.6, 0.038, 48.0, 203.0, 0.9958, 3.45, 0.54, 9.7, 7
6.5, 0.24, 0.32, 7.6, 0.038, 48.0, 203.0, 0.9958, 3.45, 0.54, 9.7, 7
7.1, 0.37, 0.67, 10.5, 0.045, 49.0, 155.0, 0.9975, 3.16, 0.44, 8.7, 5
6.8, 0.19, 0.36, 1.9, 0.035, 30.0, 96.0, 0.9917, 3.15, 0.54, 10.8, 7
5.6, 0.16, 0.27, 1.4, 0.044, 53.0, 168.0, 0.9918, 3.28, 0.37, 10.1, 6
7.9, 0.22, 0.38, 8.0, 0.043, 46.0, 152.0, 0.9934, 3.12, 0.32, 11.5, 7
6.9, 0.25, 0.3, 4.1, 0.054, 23.0, 116.0, 0.994, 2.99, 0.38, 9.4, 6
7.2, 0.18, 0.41, 1.2, 0.048, 41.0, 97.0, 0.9919, 3.14, 0.45, 10.4, 5
7.4, 0.24, 0.42, 14.0, 0.066, 48.0, 198.0, 0.9979, 2.89, 0.42, 8.9, 6
6.7, 0.24, 0.35, 13.1, 0.05, 64.0, 205.0, 0.997, 3.15, 0.5, 9.5, 5
6.7, 0.46, 0.18, 2.4, 0.034, 25.0, 98.0, 0.9896, 3.08, 0.44, 12.6, 7
9.8, 0.42, 0.48, 9.85, 0.034, 5.0, 110.0, 0.9958, 2.87, 0.29, 10.0, 5
7.9, 0.19, 0.45, 1.5, 0.045, 17.0, 96.0, 0.9917, 3.13, 0.39, 11.0, 6
6.0, 0.67, 0.07, 1.2, 0.06, 9.0, 108.0, 0.9931, 3.11, 0.35, 8.7, 4
6.4, 0.25, 0.32, 5.5, 0.049, 41.0, 176.0, 0.995, 3.19, 0.68, 9.2, 6
6.9, 0.27, 0.4, 14.0, 0.05, 64.0, 227.0, 0.9979, 3.18, 0.58, 9.6, 6
6.6, 0.28, 0.28, 8.5, 0.052, 55.0, 211.0, 0.9962, 3.09, 0.55, 8.9, 6
6.9, 0.54, 0.32, 13.2, 0.05, 53.0, 236.0, 0.9973, 3.2, 0.5, 9.6, 5
10.2, 0.44, 0.88, 6.2, 0.049, 20.0, 124.0, 0.9968, 2.99, 0.51, 9.9, 4
6.8, 0.18, 0.38, 1.4, 0.038, 35.0, 111.0, 0.9918, 3.32, 0.59, 11.2, 7
5.8, 0.26, 0.24, 9.2, 0.044, 55.0, 152.0, 0.9961, 3.31, 0.38, 9.4, 5
6.2, 0.25, 0.25, 1.4, 0.03, 35.0, 105.0, 0.9912, 3.3, 0.44, 11.1, 7
6.3, 0.495, 0.22, 1.8, 0.046, 31.0, 140.0, 0.9929, 3.39, 0.54, 10.4, 6
6.8, 0.64, 0.08, 9.7, 0.062, 26.0, 142.0, 0.9972, 3.37, 0.46, 8.9, 4
8.3, 0.28, 0.4, 7.8, 0.041, 38.0, 194.0, 0.9976, 3.34, 0.51, 9.6, 6
7.0, 0.26, 0.59, 1.4, 0.037, 40.0, 120.0, 0.9918, 3.34, 0.41, 11.1, 7
6.2, 0.25, 0.21, 15.55, 0.039, 28.0, 159.0, 0.9982, 3.48, 0.64, 9.6, 6
7.3, 0.32, 0.23, 13.7, 0.05, 49.0, 197.0, 0.9985, 3.2, 0.46, 8.7, 5
6.9, 0.4, 0.56, 11.2, 0.043, 40.0, 142.0, 0.9975, 3.14, 0.46, 8.7, 5
6.8, 0.21, 0.27, 2.1, 0.03, 26.0, 139.0, 0.99, 3.16, 0.61, 12.6, 7
5.9, 0.21, 0.28, 4.6, 0.053, 40.0, 199.0, 0.9964, 3.72, 0.7, 10.0, 4
6.3, 0.35, 0.3, 5.7, 0.035, 8.0, 97.0, 0.9927, 3.27, 0.41, 11.0, 7
6.9, 0.28, 0.4, 8.2, 0.036, 15.0, 95.0, 0.9944, 3.17, 0.33, 10.2, 5
6.2, 0.24, 0.35, 1.2, 0.038, 22.0, 167.0, 0.9912, 3.1, 0.48, 10.6, 6
5.3, 0.58, 0.07, 6.9, 0.043, 34.0, 149.0, 0.9944, 3.34, 0.57, 9.7, 5
5.2, 0.6, 0.07, 7.0, 0.044, 33.0, 147.0, 0.9944, 3.33, 0.58, 9.7, 5
5.8, 0.25, 0.26, 13.1, 0.051, 44.0, 148.0, 0.9972, 3.29, 0.38, 9.3, 5
6.7, 0.2, 0.41, 9.1, 0.044, 50.0, 166.0, 0.9954, 3.14, 0.58, 9.8, 6
7.0, 0.3, 0.49, 4.7, 0.036, 17.0, 105.0, 0.9916, 3.26, 0.68, 12.4, 7
7.0, 0.24, 0.36, 2.8, 0.034, 22.0, 112.0, 0.99, 3.19, 0.38, 12.6, 8
7.1, 0.35, 0.24, 15.4, 0.055, 46.0, 198.0, 0.9988, 3.12, 0.49, 8.8, 5
9.1, 0.59, 0.38, 1.6, 0.066, 34.0, 182.0, 0.9968, 3.23, 0.38, 8.5, 3
8.3, 0.39, 0.7, 10.6, 0.045, 33.0, 169.0, 0.9976, 3.09, 0.57, 9.4, 5
6.0, 0.29, 0.21, 1.3, 0.055, 42.0, 168.0, 0.9914, 3.32, 0.43, 11.1, 6
7.3, 0.41, 0.24, 6.8, 0.057, 41.0, 163.0, 0.9949, 3.2, 0.41, 9.9, 6
6.2, 0.33, 0.27, 4.9, 0.036, 30.0, 134.0, 0.9927, 3.2, 0.42, 10.4, 7
5.0, 0.55, 0.14, 8.3, 0.032, 35.0, 164.0, 0.9918, 3.53, 0.51, 12.5, 8
6.8, 0.28, 0.6, 1.1, 0.132, 42.0, 127.0, 0.9934, 3.09, 0.44, 9.1, 6
6.6, 0.24, 0.35, 7.7, 0.031, 36.0, 135.0, 0.9938, 3.19, 0.37, 10.5, 5
5.9, 0.3, 0.47, 7.85, 0.03, 19.0, 133.0, 0.9933, 3.52, 0.43, 11.5, 7
6.0, 0.1, 0.24, 1.1, 0.041, 15.0, 65.0, 0.9927, 3.61, 0.61, 10.3, 7
6.4, 0.32, 0.35, 4.8, 0.03, 34.0, 101.0, 0.9912, 3.36, 0.6, 12.5, 8
6.8, 0.24, 0.34, 4.6, 0.032, 37.0, 135.0, 0.9927, 3.2, 0.39, 10.6, 5
6.4, 0.26, 0.42, 9.7, 0.044, 30.0, 140.0, 0.9962, 3.18, 0.47, 9.1, 6
5.6, 0.34, 0.1, 1.3, 0.031, 20.0, 68.0, 0.9906, 3.36, 0.51, 11.2, 7
6.7, 0.19, 0.41, 15.6, 0.056, 75.0, 155.0, 0.9995, 3.2, 0.44, 8.8, 6
5.8, 0.4, 0.42, 4.4, 0.047, 38.5, 245.0, 0.9937, 3.25, 0.57, 9.6, 6
6.1, 0.36, 0.33, 1.1, 0.05, 24.0, 169.0, 0.9927, 3.15, 0.78, 9.5, 6
6.8, 0.15, 0.3, 5.3, 0.05, 40.0, 127.0, 0.9942, 3.4, 0.39, 9.7, 6
7.3, 0.22, 0.37, 14.3, 0.063, 48.0, 191.0, 0.9978, 2.89, 0.38, 9.0, 6
6.0, 0.18, 0.27, 1.5, 0.089, 40.0, 143.0, 0.9923, 3.49, 0.62, 10.8, 6
7.7, 0.29, 0.48, 2.3, 0.049, 36.0, 178.0, 0.9931, 3.17, 0.64, 10.6, 6
6.4, 0.31, 0.28, 1.5, 0.037, 12.0, 119.0, 0.9919, 3.32, 0.51, 10.4, 7
7.2, 0.28, 0.26, 12.5, 0.046, 48.0, 179.0, 0.9975, 3.1, 0.52, 9.0, 6
7.5, 0.35, 0.28, 9.6, 0.051, 26.0, 157.0, 0.9969, 3.12, 0.53, 9.2, 6
6.0, 0.36, 0.39, 3.2, 0.027, 20.0, 125.0, 0.991, 3.38, 0.39, 11.3, 7
6.5, 0.36, 0.32, 1.1, 0.031, 13.0, 66.0, 0.9916, 3.1, 0.46, 10.6, 5
6.8, 0.27, 0.12, 1.3, 0.04, 87.0, 168.0, 0.992, 3.18, 0.41, 10.0, 5
8.2, 0.28, 0.42, 1.8, 0.031, 30.0, 93.0, 0.9917, 3.09, 0.39, 11.4, 5
5.9, 0.26, 0.27, 18.2, 0.048, 52.0, 168.0, 0.9993, 3.35, 0.44, 9.4, 5
5.8, 0.28, 0.34, 4.0, 0.031, 40.0, 99.0, 0.9896, 3.39, 0.39, 12.8, 7
7.4, 0.21, 0.27, 1.2, 0.041, 27.0, 99.0, 0.9927, 3.19, 0.33, 9.8, 6
7.0, 0.21, 0.28, 8.7, 0.045, 37.0, 222.0, 0.9954, 3.25, 0.54, 10.4, 6
7.0, 0.21, 0.28, 8.6, 0.045, 37.0, 221.0, 0.9954, 3.25, 0.54, 10.4, 6
7.0, 0.21, 0.28, 8.6, 0.045, 37.0, 221.0, 0.9954, 3.25, 0.54, 10.4, 6
7.1, 0.31, 0.47, 13.6, 0.056, 54.0, 197.0, 0.9978, 3.1, 0.49, 9.3, 5
7.4, 0.155, 0.34, 2.3, 0.045, 73.5, 214.0, 0.9934, 3.18, 0.61, 9.9, 7
6.2, 0.35, 0.04, 1.2, 0.06, 23.0, 108.0, 0.9934, 3.26, 0.54, 9.2, 5
6.4, 0.28, 0.29, 1.6, 0.052, 34.0, 127.0, 0.9929, 3.48, 0.56, 10.5, 7
6.4, 0.28, 0.29, 1.6, 0.052, 34.0, 127.0, 0.9929, 3.48, 0.56, 10.5, 7
6.1, 0.43, 0.35, 9.1, 0.059, 83.0, 249.0, 0.9971, 3.37, 0.5, 8.5, 5
7.0, 0.14, 0.32, 9.0, 0.039, 54.0, 141.0, 0.9956, 3.22, 0.43, 9.4, 6
7.0, 0.17, 0.31, 4.8, 0.034, 34.0, 132.0, 0.9944, 3.36, 0.48, 9.6, 7
7.0, 0.24, 0.51, 11.0, 0.029, 55.0, 227.0, 0.9965, 3.03, 0.61, 9.5, 5
7.0, 0.22, 0.28, 1.5, 0.037, 29.0, 115.0, 0.9927, 3.11, 0.55, 10.5, 6
7.1, 0.55, 0.13, 1.7, 0.073, 21.0, 165.0, 0.994, 2.97, 0.58, 9.2, 6
6.3, 0.22, 0.33, 1.7, 0.041, 67.0, 164.0, 0.9928, 3.32, 0.56, 10.4, 6
6.0, 0.16, 0.37, 1.5, 0.025, 43.0, 117.0, 0.9928, 3.46, 0.51, 9.7, 6
7.2, 0.28, 0.54, 16.7, 0.045, 54.0, 200.0, 0.999, 3.08, 0.49, 9.5, 6
7.8, 0.18, 0.31, 12.2, 0.053, 46.0, 140.0, 0.998, 3.06, 0.53, 8.9, 6
6.7, 0.27, 0.12, 1.3, 0.041, 62.0, 138.0, 0.9921, 3.21, 0.42, 10.0, 6
7.8, 0.34, 0.35, 1.8, 0.042, 8.0, 167.0, 0.9908, 3.11, 0.41, 12.1, 6
7.8, 0.28, 0.32, 9.0, 0.036, 34.0, 115.0, 0.9952, 3.17, 0.39, 10.3, 7
5.8, 0.36, 0.32, 1.7, 0.033, 22.0, 96.0, 0.9898, 3.03, 0.38, 11.2, 6
7.2, 0.31, 0.46, 5.0, 0.04, 3.0, 29.0, 0.9906, 3.04, 0.53, 12.5, 4
5.6, 0.19, 0.47, 4.5, 0.03, 19.0, 112.0, 0.9922, 3.56, 0.45, 11.2, 6
6.4, 0.18, 0.48, 4.0, 0.186, 64.0, 150.0, 0.9945, 3.06, 0.4, 9.3, 5
7.9, 0.345, 0.51, 15.3, 0.047, 54.0, 171.0, 0.9987, 3.09, 0.51, 9.1, 5
7.4, 0.25, 0.36, 13.2, 0.067, 53.0, 178.0, 0.9976, 3.01, 0.48, 9.0, 6
7.0, 0.3, 0.51, 13.6, 0.05, 40.0, 168.0, 0.9976, 3.07, 0.52, 9.6, 7
5.9, 0.37, 0.1, 1.6, 0.057, 39.0, 128.0, 0.9924, 3.24, 0.48, 10.1, 5
7.7, 0.34, 0.27, 8.8, 0.063, 39.0, 184.0, 0.9969, 3.09, 0.63, 9.2, 6
6.8, 0.51, 0.3, 4.2, 0.066, 38.0, 165.0, 0.9945, 3.2, 0.42, 9.1, 5
7.1, 0.22, 0.33, 2.8, 0.033, 48.0, 153.0, 0.9899, 3.15, 0.38, 12.7, 7
7.4, 0.41, 0.66, 10.8, 0.051, 77.0, 194.0, 0.9976, 3.05, 0.46, 8.7, 5
6.6, 0.25, 0.3, 1.6, 0.046, 32.0, 134.0, 0.993, 3.42, 0.51, 10.1, 7
6.9, 0.41, 0.33, 10.1, 0.043, 28.0, 152.0, 0.9968, 3.2, 0.52, 9.4, 5
7.3, 0.25, 0.29, 7.5, 0.049, 38.0, 158.0, 0.9965, 3.43, 0.38, 9.6, 5
6.5, 0.36, 0.28, 3.2, 0.037, 29.0, 119.0, 0.9908, 3.25, 0.65, 12.4, 8
7.5, 0.23, 0.68, 11.0, 0.047, 37.0, 133.0, 0.9978, 2.99, 0.38, 8.8, 5
7.8, 0.32, 0.33, 2.4, 0.037, 18.0, 101.0, 0.9912, 3.21, 0.65, 11.7, 7
7.4, 0.19, 0.3, 1.4, 0.057, 33.0, 135.0, 0.993, 3.12, 0.5, 9.6, 6
7.2, 0.24, 0.34, 1.1, 0.045, 3.0, 64.0, 0.9913, 3.23, 0.51, 11.4, 5
7.0, 0.23, 0.42, 18.05, 0.05, 35.0, 144.0, 0.9999, 3.22, 0.42, 8.8, 5
5.8, 0.335, 0.14, 5.8, 0.046, 49.0, 197.0, 0.9937, 3.3, 0.71, 10.3, 5
6.4, 0.24, 0.28, 11.5, 0.05, 34.0, 163.0, 0.9969, 3.31, 0.45, 9.5, 5
7.1, 0.26, 0.34, 14.4, 0.067, 35.0, 189.0, 0.9986, 3.07, 0.53, 9.1, 7
9.0, 0.27, 0.35, 4.9, 0.028, 27.0, 95.0, 0.9932, 3.04, 0.4, 11.3, 6
7.1, 0.17, 0.38, 7.4, 0.052, 49.0, 182.0, 0.9958, 3.35, 0.52, 9.6, 6
6.4, 0.32, 0.5, 10.7, 0.047, 57.0, 206.0, 0.9968, 3.08, 0.6, 9.4, 5
5.9, 0.29, 0.25, 12.0, 0.057, 48.0, 224.0, 0.9981, 3.23, 0.41, 9.0, 6
6.6, 0.38, 0.18, 1.2, 0.042, 20.0, 84.0, 0.9927, 3.22, 0.45, 10.1, 4
7.2, 0.18, 0.45, 4.4, 0.046, 57.0, 166.0, 0.9943, 3.13, 0.62, 11.2, 6
7.7, 0.2, 0.44, 13.9, 0.05, 44.0, 130.0, 0.99855, 3.11, 0.48, 10.0, 6
7.4, 0.29, 0.5, 1.8, 0.042, 35.0, 127.0, 0.9937, 3.45, 0.5, 10.2, 7
7.8, 0.3, 0.4, 1.8, 0.028, 23.0, 122.0, 0.9914, 3.14, 0.39, 10.9, 7
6.4, 0.16, 0.31, 5.3, 0.043, 42.0, 157.0, 0.99455, 3.35, 0.47, 10.5, 5
6.0, 0.33, 0.27, 0.8, 0.185, 12.0, 188.0, 0.9924, 3.12, 0.62, 9.4, 5
8.8, 0.28, 0.45, 6.0, 0.022, 14.0, 49.0, 0.9934, 3.01, 0.33, 11.1, 7
6.9, 0.39, 0.4, 4.6, 0.022, 5.0, 19.0, 0.9915, 3.31, 0.37, 12.6, 3
7.0, 0.2, 0.37, 2.0, 0.03, 26.0, 136.0, 0.9932, 3.28, 0.61, 10.2, 6
7.3, 0.3, 0.42, 7.35, 0.025, 51.0, 175.0, 0.9928, 3.04, 0.32, 11.4, 6
6.9, 0.2, 0.5, 10.0, 0.036, 78.0, 167.0, 0.9964, 3.15, 0.55, 10.2, 6
6.8, 0.12, 0.31, 5.2, 0.045, 29.0, 120.0, 0.9942, 3.41, 0.46, 9.8, 7
8.3, 0.14, 0.45, 1.5, 0.039, 18.0, 98.0, 0.99215, 3.02, 0.56, 11.0, 6
8.1, 0.17, 0.44, 14.1, 0.053, 43.0, 145.0, 1.0006, 3.28, 0.75, 8.8, 8
6.0, 0.395, 0.0, 1.4, 0.042, 7.0, 55.0, 0.99135, 3.37, 0.38, 11.2, 4
6.9, 0.24, 0.33, 12.5, 0.046, 47.0, 153.0, 0.9983, 3.28, 0.77, 9.6, 6
6.0, 0.18, 0.31, 1.4, 0.036, 14.0, 75.0, 0.99085, 3.34, 0.58, 11.1, 8
6.8, 0.39, 0.35, 11.6, 0.044, 57.0, 220.0, 0.99775, 3.07, 0.53, 9.3, 5
6.0, 0.39, 0.17, 12.0, 0.046, 65.0, 246.0, 0.9976, 3.15, 0.38, 9.0, 6
6.0, 0.41, 0.05, 1.5, 0.063, 17.0, 120.0, 0.9932, 3.21, 0.56, 9.2, 6
7.9, 0.35, 0.24, 15.6, 0.072, 44.0, 229.0, 0.99785, 3.03, 0.59, 10.5, 6
7.1, 0.16, 0.36, 1.2, 0.043, 21.0, 90.0, 0.9925, 3.16, 0.42, 11.0, 7
7.4, 0.17, 0.4, 5.5, 0.037, 34.0, 161.0, 0.9935, 3.05, 0.62, 11.5, 4
7.3, 0.3, 0.34, 2.7, 0.044, 34.0, 108.0, 0.99105, 3.36, 0.53, 12.8, 8
7.3, 0.205, 0.31, 1.7, 0.06, 34.0, 110.0, 0.9963, 3.72, 0.69, 10.5, 6
7.3, 0.25, 0.36, 2.1, 0.034, 30.0, 177.0, 0.99085, 3.25, 0.4, 11.9, 8
7.6, 0.33, 0.35, 6.3, 0.036, 12.0, 126.0, 0.9924, 3.16, 0.39, 12.0, 7
8.7, 0.23, 0.32, 13.4, 0.044, 35.0, 169.0, 0.99975, 3.12, 0.47, 8.8, 7
7.3, 0.21, 0.29, 1.6, 0.034, 29.0, 118.0, 0.9917, 3.3, 0.5, 11.0, 8
6.9, 0.19, 0.35, 1.7, 0.036, 33.0, 101.0, 0.99315, 3.21, 0.54, 10.8, 7
7.4, 0.2, 0.35, 2.1, 0.038, 30.0, 116.0, 0.9949, 3.49, 0.77, 10.3, 7
8.2, 0.38, 0.49, 13.6, 0.042, 58.0, 166.0, 0.99855, 3.1, 0.54, 9.4, 5
6.6, 0.3, 0.3, 4.8, 0.17, 60.0, 166.0, 0.9946, 3.18, 0.47, 9.4, 5
8.1, 0.27, 0.35, 1.7, 0.03, 38.0, 103.0, 0.99255, 3.22, 0.63, 10.4, 8
7.7, 0.34, 0.58, 11.1, 0.039, 41.0, 151.0, 0.9978, 3.06, 0.49, 8.6, 5
6.9, 0.36, 0.34, 4.2, 0.018, 57.0, 119.0, 0.9898, 3.28, 0.36, 12.7, 9
7.0, 0.31, 0.29, 1.4, 0.037, 33.0, 128.0, 0.9896, 3.12, 0.36, 12.2, 7
5.6, 0.19, 0.39, 1.1, 0.043, 17.0, 67.0, 0.9918, 3.23, 0.53, 10.3, 6
7.0, 0.29, 0.26, 1.6, 0.044, 12.0, 87.0, 0.9923, 3.08, 0.46, 10.5, 6
8.3, 0.27, 0.45, 1.3, 0.048, 8.0, 72.0, 0.9944, 3.08, 0.61, 10.3, 4
6.2, 0.33, 0.19, 5.6, 0.042, 22.0, 143.0, 0.99425, 3.15, 0.63, 9.9, 5
5.8, 0.29, 0.05, 0.8, 0.038, 11.0, 30.0, 0.9924, 3.36, 0.35, 9.2, 5
5.9, 0.29, 0.33, 7.4, 0.037, 58.0, 205.0, 0.99495, 3.26, 0.41, 9.6, 5
6.1, 0.36, 0.58, 15.0, 0.044, 42.0, 115.0, 0.9978, 3.15, 0.51, 9.0, 5
6.2, 0.35, 0.29, 7.3, 0.044, 56.0, 244.0, 0.9956, 3.36, 0.55, 10.0, 6
5.4, 0.415, 0.19, 1.6, 0.039, 27.0, 88.0, 0.99265, 3.54, 0.41, 10.0, 7
6.8, 0.705, 0.25, 3.2, 0.048, 10.0, 57.0, 0.996, 3.36, 0.52, 9.5, 4
7.5, 0.32, 0.26, 1.8, 0.042, 13.0, 133.0, 0.9938, 3.07, 0.38, 9.5, 5
7.3, 0.24, 0.34, 15.4, 0.05, 38.0, 174.0, 0.9983, 3.03, 0.42, 9.0, 6
6.5, 0.08, 0.33, 1.9, 0.028, 23.0, 93.0, 0.991, 3.34, 0.7, 12.0, 7
7.1, 0.13, 0.38, 1.8, 0.046, 14.0, 114.0, 0.9925, 3.32, 0.9, 11.7, 6
7.6, 0.3, 0.25, 4.3, 0.054, 22.0, 111.0, 0.9956, 3.12, 0.49, 9.2, 5
6.9, 0.19, 0.33, 1.6, 0.043, 63.0, 149.0, 0.9925, 3.44, 0.52, 10.8, 5
7.4, 0.28, 0.3, 5.3, 0.054, 44.0, 161.0, 0.9941, 3.12, 0.48, 10.3, 6
6.0, 0.26, 0.34, 1.3, 0.046, 6.0, 29.0, 0.9924, 3.29, 0.63, 10.4, 5
7.6, 0.21, 0.6, 2.1, 0.046, 47.0, 165.0, 0.9936, 3.05, 0.54, 10.1, 7
6.6, 0.22, 0.37, 1.2, 0.059, 45.0, 199.0, 0.993, 3.37, 0.55, 10.3, 7
6.8, 0.37, 0.47, 11.2, 0.071, 44.0, 136.0, 0.9968, 2.98, 0.88, 9.2, 5
8.0, 0.55, 0.17, 8.2, 0.04, 13.0, 60.0, 0.9956, 3.09, 0.3, 9.5, 4
7.9, 0.64, 0.46, 10.6, 0.244, 33.0, 227.0, 0.9983, 2.87, 0.74, 9.1, 3
8.8, 0.17, 0.38, 1.8, 0.04, 39.0, 148.0, 0.9942, 3.16, 0.67, 10.2, 6
7.5, 0.17, 0.37, 1.5, 0.06, 18.0, 75.0, 0.9936, 3.54, 0.88, 10.7, 5
8.2, 0.68, 0.3, 2.1, 0.047, 17.0, 138.0, 0.995, 3.22, 0.71, 10.8, 4
9.4, 0.29, 0.55, 2.2, 0.05, 17.0, 119.0, 0.9962, 3.12, 0.69, 10.3, 4
7.5, 0.21, 0.34, 1.2, 0.06, 26.0, 111.0, 0.9931, 3.51, 0.47, 10.7, 6
5.3, 0.3, 0.2, 1.1, 0.077, 48.0, 166.0, 0.9944, 3.3, 0.54, 8.7, 4
6.7, 0.26, 0.26, 4.0, 0.079, 35.5, 216.0, 0.9956, 3.31, 0.68, 9.5, 5
6.7, 0.26, 0.26, 4.1, 0.073, 36.0, 202.0, 0.9956, 3.3, 0.67, 9.5, 5
8.1, 0.26, 0.37, 1.9, 0.072, 48.0, 159.0, 0.9949, 3.37, 0.7, 10.9, 6
6.4, 0.3, 0.51, 5.5, 0.048, 62.0, 172.0, 0.9942, 3.08, 0.45, 9.1, 6
8.2, 0.29, 0.33, 9.1, 0.036, 28.0, 118.0, 0.9953, 2.96, 0.4, 10.9, 7
6.5, 0.26, 0.34, 16.3, 0.051, 56.0, 197.0, 1.0004, 3.49, 0.42, 9.8, 5
6.3, 0.34, 0.29, 6.2, 0.046, 29.0, 227.0, 0.9952, 3.29, 0.53, 10.1, 6
7.4, 0.2, 0.37, 16.95, 0.048, 43.0, 190.0, 0.9995, 3.03, 0.42, 9.2, 6
7.1, 0.21, 0.4, 1.2, 0.069, 24.0, 156.0, 0.9928, 3.42, 0.43, 10.6, 6
8.4, 0.17, 0.31, 6.7, 0.038, 29.0, 132.0, 0.9945, 3.1, 0.32, 10.6, 7
6.5, 0.22, 0.34, 12.0, 0.053, 55.0, 177.0, 0.9983, 3.52, 0.44, 9.9, 6
8.1, 0.45, 0.34, 8.3, 0.037, 33.0, 216.0, 0.9976, 3.31, 0.64, 9.7, 5
9.0, 0.31, 0.49, 6.9, 0.034, 26.0, 91.0, 0.9937, 2.99, 0.34, 11.5, 5
7.2, 0.24, 0.3, 1.6, 0.048, 27.0, 131.0, 0.9933, 3.25, 0.45, 10.5, 5
5.7, 0.26, 0.27, 4.1, 0.201, 73.5, 189.5, 0.9942, 3.27, 0.38, 9.4, 6
7.4, 0.22, 0.33, 2.0, 0.045, 31.0, 101.0, 0.9931, 3.42, 0.55, 11.4, 5
7.2, 0.26, 0.26, 12.7, 0.036, 49.0, 214.0, 0.9986, 3.41, 0.5, 10.0, 6
9.8, 0.44, 0.4, 2.8, 0.036, 35.0, 167.0, 0.9956, 2.97, 0.39, 9.2, 5
7.2, 0.2, 0.25, 4.5, 0.044, 31.0, 109.0, 0.9949, 3.23, 0.36, 9.4, 5
6.5, 0.41, 0.64, 11.8, 0.065, 65.0, 225.0, 0.9978, 3.12, 0.51, 8.9, 5
7.1, 0.21, 0.3, 1.4, 0.037, 45.0, 143.0, 0.9932, 3.13, 0.33, 9.9, 6
6.9, 0.25, 0.26, 5.2, 0.024, 36.0, 135.0, 0.9948, 3.16, 0.72, 10.7, 7
6.9, 0.25, 0.26, 5.2, 0.024, 36.0, 135.0, 0.9948, 3.16, 0.72, 10.7, 7
7.3, 0.22, 0.4, 14.75, 0.042, 44.5, 129.5, 0.9998, 3.36, 0.41, 9.1, 7
5.0, 0.33, 0.16, 1.5, 0.049, 10.0, 97.0, 0.9917, 3.48, 0.44, 10.7, 6
8.9, 0.33, 0.32, 1.5, 0.047, 11.0, 200.0, 0.9954, 3.19, 0.46, 9.4, 5
6.3, 0.21, 0.4, 1.7, 0.031, 48.0, 134.0, 0.9917, 3.42, 0.49, 11.5, 6
7.2, 0.23, 0.39, 2.3, 0.033, 29.0, 102.0, 0.9908, 3.26, 0.54, 12.3, 7
7.3, 0.24, 0.39, 3.6, 0.024, 35.0, 116.0, 0.9928, 3.17, 0.51, 10.9, 5
10.3, 0.25, 0.48, 2.2, 0.042, 28.0, 164.0, 0.998, 3.19, 0.59, 9.7, 5
8.1, 0.43, 0.42, 6.6, 0.033, 36.0, 141.0, 0.9918, 2.98, 0.39, 13.3, 7
5.7, 0.245, 0.33, 1.1, 0.049, 28.0, 150.0, 0.9927, 3.13, 0.42, 9.3, 5
7.3, 0.25, 0.41, 1.8, 0.037, 52.0, 165.0, 0.9911, 3.29, 0.39, 12.2, 7
8.4, 0.35, 0.56, 13.8, 0.048, 55.0, 190.0, 0.9993, 3.07, 0.58, 9.4, 6
8.1, 0.5, 0.47, 1.1, 0.037, 23.0, 126.0, 0.9938, 3.21, 0.42, 10.9, 5
6.2, 0.22, 0.27, 1.5, 0.064, 20.0, 132.0, 0.9938, 3.22, 0.46, 9.2, 6
8.0, 0.22, 0.42, 14.6, 0.044, 45.0, 163.0, 1.0003, 3.21, 0.69, 8.6, 7
7.0, 0.24, 0.36, 4.9, 0.083, 10.0, 133.0, 0.9942, 3.33, 0.37, 10.8, 6
6.6, 0.27, 0.3, 1.9, 0.025, 14.0, 153.0, 0.9928, 3.29, 0.62, 10.5, 6
7.7, 0.27, 0.34, 1.8, 0.028, 26.0, 168.0, 0.9911, 2.99, 0.48, 12.1, 7
7.4, 0.31, 0.74, 10.7, 0.039, 51.0, 147.0, 0.9977, 3.02, 0.43, 8.7, 5
7.8, 0.16, 0.41, 1.7, 0.026, 29.0, 140.0, 0.991, 3.02, 0.78, 12.5, 6
7.2, 0.32, 0.33, 1.4, 0.029, 29.0, 109.0, 0.9902, 3.15, 0.51, 12.8, 7
7.5, 0.23, 0.32, 9.2, 0.038, 54.0, 191.0, 0.9966, 3.04, 0.56, 9.7, 6
7.4, 0.19, 0.42, 6.4, 0.067, 39.0, 212.0, 0.9958, 3.3, 0.33, 9.6, 6
8.2, 0.2, 0.36, 8.1, 0.035, 60.0, 163.0, 0.9952, 3.05, 0.3, 10.3, 6
9.7, 0.14, 0.59, 1.5, 0.049, 23.0, 142.0, 0.9958, 2.98, 0.62, 9.5, 5
9.2, 0.15, 0.68, 1.6, 0.046, 22.0, 130.0, 0.9948, 3.02, 0.45, 10.4, 6
5.2, 0.365, 0.08, 13.5, 0.041, 37.0, 142.0, 0.997, 3.46, 0.39, 9.9, 6
6.3, 0.23, 0.22, 3.75, 0.039, 37.0, 116.0, 0.9927, 3.23, 0.5, 10.7, 6
9.2, 0.32, 0.42, 1.3, 0.046, 14.0, 186.0, 0.9949, 3.08, 0.48, 9.6, 5
8.1, 0.2, 0.36, 9.7, 0.044, 63.0, 162.0, 0.997, 3.1, 0.46, 10.0, 6
7.9, 0.255, 0.26, 2.0, 0.026, 40.0, 190.0, 0.9932, 3.04, 0.39, 11.2, 6
7.6, 0.19, 0.42, 1.5, 0.044, 6.0, 114.0, 0.9914, 3.04, 0.74, 12.8, 6
5.1, 0.31, 0.3, 0.9, 0.037, 28.0, 152.0, 0.992, 3.54, 0.56, 10.1, 6
6.2, 0.2, 0.26, 1.7, 0.093, 40.0, 161.0, 0.9924, 3.44, 0.66, 11.0, 5
7.7, 0.32, 0.48, 2.3, 0.04, 28.0, 114.0, 0.9911, 3.2, 0.52, 12.8, 7
5.2, 0.37, 0.33, 1.2, 0.028, 13.0, 81.0, 0.9902, 3.37, 0.38, 11.7, 6
8.3, 0.21, 0.41, 2.2, 0.05, 24.0, 108.0, 0.994, 2.85, 0.45, 9.5, 5
6.7, 0.18, 0.3, 6.4, 0.048, 40.0, 251.0, 0.9956, 3.29, 0.52, 10.0, 5
7.6, 0.54, 0.23, 2.0, 0.029, 13.0, 151.0, 0.9931, 3.04, 0.33, 10.4, 5
6.6, 0.25, 0.31, 12.4, 0.059, 52.0, 181.0, 0.9984, 3.51, 0.47, 9.8, 6
7.3, 0.23, 0.37, 1.9, 0.041, 51.0, 165.0, 0.9908, 3.26, 0.4, 12.2, 8
7.3, 0.39, 0.37, 1.1, 0.043, 36.0, 113.0, 0.991, 3.39, 0.48, 12.7, 8
7.0, 0.46, 0.39, 6.2, 0.039, 46.0, 163.0, 0.9928, 3.21, 0.35, 12.2, 7
7.6, 0.19, 0.41, 1.1, 0.04, 38.0, 143.0, 0.9907, 2.92, 0.42, 11.4, 5
6.5, 0.19, 0.32, 1.4, 0.04, 31.0, 132.0, 0.9922, 3.36, 0.54, 10.8, 7
6.0, 0.13, 0.28, 5.7, 0.038, 56.0, 189.5, 0.9948, 3.59, 0.43, 10.6, 7
6.9, 0.32, 0.16, 1.4, 0.051, 15.0, 96.0, 0.994, 3.22, 0.38, 9.5, 4
7.0, 0.14, 0.41, 0.9, 0.037, 22.0, 95.0, 0.9914, 3.25, 0.43, 10.9, 6
7.3, 0.22, 0.41, 15.4, 0.05, 55.0, 191.0, 1.0, 3.32, 0.59, 8.9, 6
7.6, 0.28, 0.39, 1.9, 0.052, 23.0, 116.0, 0.9941, 3.25, 0.4, 10.4, 6
8.3, 0.26, 0.41, 9.2, 0.042, 41.0, 162.0, 0.9944, 3.1, 0.38, 12.0, 7
5.7, 0.43, 0.3, 5.7, 0.039, 24.0, 98.0, 0.992, 3.54, 0.61, 12.3, 7
6.2, 0.16, 0.47, 1.4, 0.029, 23.0, 81.0, 0.99, 3.26, 0.42, 12.2, 6
5.7, 0.135, 0.3, 4.6, 0.042, 19.0, 101.0, 0.9946, 3.31, 0.42, 9.3, 6
7.3, 0.25, 0.36, 13.1, 0.05, 35.0, 200.0, 0.9986, 3.04, 0.46, 8.9, 7
9.0, 0.31, 0.48, 6.6, 0.043, 11.0, 73.0, 0.9938, 2.9, 0.38, 11.6, 5
6.3, 0.39, 0.24, 6.9, 0.069, 9.0, 117.0, 0.9942, 3.15, 0.35, 10.2, 4
7.3, 0.25, 0.36, 13.1, 0.05, 35.0, 200.0, 0.9986, 3.04, 0.46, 8.9, 7
7.2, 0.22, 0.49, 1.0, 0.045, 34.0, 140.0, 0.99, 3.05, 0.34, 12.7, 6
6.9, 0.23, 0.24, 14.2, 0.053, 19.0, 94.0, 0.9982, 3.17, 0.5, 9.6, 5
6.3, 0.23, 0.49, 7.1, 0.05, 67.0, 210.0, 0.9951, 3.23, 0.34, 9.5, 5
6.1, 0.25, 0.49, 7.6, 0.052, 67.0, 226.0, 0.9956, 3.16, 0.47, 8.9, 5
7.2, 0.26, 0.74, 13.6, 0.05, 56.0, 162.0, 0.998, 3.03, 0.44, 8.8, 5
7.0, 0.18, 0.49, 5.3, 0.04, 34.0, 125.0, 0.9914, 3.24, 0.4, 12.2, 6
8.3, 0.2, 0.74, 4.45, 0.044, 33.0, 130.0, 0.9924, 3.25, 0.42, 12.2, 6
7.4, 0.16, 0.49, 1.2, 0.055, 18.0, 150.0, 0.9917, 3.23, 0.47, 11.2, 6
7.8, 0.43, 0.49, 13.0, 0.033, 37.0, 158.0, 0.9955, 3.14, 0.35, 11.3, 6
7.1, 0.22, 0.74, 2.7, 0.044, 42.0, 144.0, 0.991, 3.31, 0.41, 12.2, 6
7.6, 0.52, 0.49, 14.0, 0.034, 37.0, 156.0, 0.9958, 3.14, 0.38, 11.8, 7
7.8, 0.21, 0.49, 1.35, 0.052, 6.0, 48.0, 0.9911, 3.15, 0.28, 11.4, 5
7.6, 0.51, 0.24, 1.2, 0.04, 10.0, 104.0, 0.992, 3.05, 0.29, 10.8, 6
7.7, 0.16, 0.49, 2.0, 0.056, 20.0, 124.0, 0.9948, 3.32, 0.49, 10.7, 6
5.6, 0.185, 0.49, 1.1, 0.03, 28.0, 117.0, 0.9918, 3.55, 0.45, 10.3, 6
8.0, 0.3, 0.49, 9.4, 0.046, 47.0, 188.0, 0.9964, 3.14, 0.48, 10.0, 5
7.6, 0.29, 0.49, 9.6, 0.03, 45.0, 197.0, 0.9938, 3.13, 0.38, 12.3, 7
7.7, 0.27, 0.49, 1.8, 0.041, 23.0, 86.0, 0.9914, 3.16, 0.42, 12.5, 6
8.3, 0.2, 0.49, 1.7, 0.04, 34.0, 169.0, 0.9938, 3.05, 0.37, 10.1, 5
7.0, 0.17, 0.74, 12.8, 0.045, 24.0, 126.0, 0.9942, 3.26, 0.38, 12.2, 8
8.1, 0.2, 0.49, 8.1, 0.051, 51.0, 205.0, 0.9954, 3.1, 0.52, 11.0, 6
8.0, 0.18, 0.49, 1.8, 0.061, 10.0, 145.0, 0.9942, 3.23, 0.48, 10.0, 5
7.4, 0.19, 0.49, 9.3, 0.03, 26.0, 132.0, 0.994, 2.99, 0.32, 11.0, 7
8.3, 0.2, 0.49, 1.7, 0.038, 38.0, 167.0, 0.9939, 3.05, 0.37, 10.1, 6
6.6, 0.21, 0.49, 18.15, 0.042, 41.0, 158.0, 0.9997, 3.28, 0.39, 8.7, 6
6.6, 0.21, 0.49, 18.15, 0.042, 41.0, 158.0, 0.9997, 3.28, 0.39, 8.7, 6
6.0, 0.17, 0.49, 1.0, 0.034, 26.0, 106.0, 0.992, 3.21, 0.42, 9.8, 6
7.3, 0.26, 0.49, 5.0, 0.028, 32.0, 107.0, 0.9936, 3.24, 0.54, 10.8, 6
7.9, 0.18, 0.49, 5.2, 0.051, 36.0, 157.0, 0.9953, 3.18, 0.48, 10.6, 6
7.9, 0.42, 0.49, 8.2, 0.056, 32.0, 164.0, 0.9965, 3.29, 0.6, 11.2, 7
6.2, 0.43, 0.49, 6.4, 0.045, 12.0, 115.0, 0.9963, 3.27, 0.57, 9.0, 4
8.8, 0.35, 0.49, 1.0, 0.036, 14.0, 56.0, 0.992, 2.96, 0.33, 10.5, 4
7.8, 0.3, 0.74, 1.8, 0.033, 33.0, 156.0, 0.991, 3.29, 0.52, 12.8, 6
7.4, 0.3, 0.49, 8.2, 0.055, 49.0, 188.0, 0.9974, 3.52, 0.58, 9.7, 6
6.7, 0.3, 0.74, 5.0, 0.038, 35.0, 157.0, 0.9945, 3.21, 0.46, 9.9, 5
6.9, 0.22, 0.49, 7.0, 0.063, 50.0, 168.0, 0.9957, 3.54, 0.5, 10.3, 6
9.0, 0.3, 0.49, 7.2, 0.039, 32.0, 84.0, 0.9938, 2.94, 0.32, 11.5, 6
8.4, 0.24, 0.49, 7.4, 0.039, 46.0, 108.0, 0.9934, 3.03, 0.33, 11.9, 7
6.4, 0.12, 0.49, 6.4, 0.042, 49.0, 161.0, 0.9945, 3.34, 0.44, 10.4, 6
7.5, 0.32, 0.49, 1.7, 0.031, 44.0, 109.0, 0.9906, 3.07, 0.46, 12.5, 6
7.8, 0.26, 0.49, 3.2, 0.027, 28.0, 87.0, 0.9919, 3.03, 0.32, 11.3, 7
8.0, 0.14, 0.49, 1.5, 0.035, 42.0, 120.0, 0.9928, 3.26, 0.4, 10.6, 7
7.0, 0.14, 0.49, 5.9, 0.053, 22.0, 118.0, 0.9954, 3.36, 0.36, 9.4, 6
9.0, 0.22, 0.49, 10.4, 0.048, 52.0, 195.0, 0.9987, 3.31, 0.44, 10.2, 6
8.9, 0.32, 0.49, 1.6, 0.05, 17.0, 131.0, 0.9956, 3.13, 0.34, 9.4, 5
7.8, 0.15, 0.24, 7.7, 0.047, 21.0, 98.0, 0.9951, 2.94, 0.31, 9.6, 6
7.4, 0.19, 0.49, 6.7, 0.037, 15.0, 110.0, 0.9938, 3.2, 0.38, 11.0, 7
6.4, 0.22, 0.49, 7.5, 0.054, 42.0, 151.0, 0.9948, 3.27, 0.52, 10.1, 6
7.8, 0.4, 0.49, 7.8, 0.06, 34.0, 162.0, 0.9966, 3.26, 0.58, 11.3, 6
7.8, 0.445, 0.56, 1.0, 0.04, 8.0, 84.0, 0.9938, 3.25, 0.43, 10.8, 5
6.6, 0.26, 0.31, 4.8, 0.138, 41.0, 168.0, 0.9951, 3.2, 0.38, 9.3, 5
6.2, 0.27, 0.32, 8.8, 0.047, 65.0, 224.0, 0.9961, 3.17, 0.47, 8.9, 5
7.2, 0.25, 0.28, 14.4, 0.055, 55.0, 205.0, 0.9986, 3.12, 0.38, 9.0, 7
7.4, 0.26, 0.37, 9.4, 0.047, 42.0, 147.0, 0.9982, 3.46, 0.72, 10.0, 5
7.2, 0.25, 0.28, 14.4, 0.055, 55.0, 205.0, 0.9986, 3.12, 0.38, 9.0, 7
7.7, 0.12, 0.32, 1.4, 0.06, 47.0, 150.0, 0.9952, 3.37, 0.42, 9.2, 6
8.5, 0.32, 0.36, 14.9, 0.041, 47.0, 190.0, 0.9982, 3.08, 0.31, 10.0, 6
6.9, 0.18, 0.3, 2.0, 0.038, 39.0, 190.0, 0.9914, 3.32, 0.37, 12.2, 6
6.6, 0.25, 0.31, 1.5, 0.035, 32.0, 127.0, 0.9921, 3.41, 0.47, 11.3, 6
6.8, 0.22, 0.3, 13.6, 0.055, 50.0, 180.0, 0.9984, 3.44, 0.39, 9.8, 5
7.0, 0.21, 0.31, 6.0, 0.046, 29.0, 108.0, 0.9939, 3.26, 0.5, 10.8, 6
6.5, 0.18, 0.34, 1.6, 0.04, 43.0, 148.0, 0.9912, 3.32, 0.59, 11.5, 8
7.0, 0.3, 0.32, 6.4, 0.034, 28.0, 97.0, 0.9924, 3.23, 0.44, 11.8, 6
6.6, 0.545, 0.04, 2.5, 0.031, 48.0, 111.0, 0.9906, 3.14, 0.32, 11.9, 5
6.9, 0.16, 0.3, 9.6, 0.057, 50.0, 185.0, 0.9978, 3.39, 0.38, 9.6, 6
7.7, 0.38, 0.4, 2.0, 0.038, 28.0, 152.0, 0.9906, 3.18, 0.32, 12.9, 6
6.6, 0.22, 0.58, 1.1, 0.133, 52.0, 136.0, 0.9932, 3.1, 0.3, 9.1, 5
6.1, 0.34, 0.31, 12.0, 0.053, 46.0, 238.0, 0.9977, 3.16, 0.48, 8.6, 5
6.7, 0.16, 0.28, 2.5, 0.046, 40.0, 153.0, 0.9921, 3.38, 0.51, 11.4, 7
6.4, 0.17, 0.27, 1.5, 0.037, 20.0, 98.0, 0.9916, 3.46, 0.42, 11.0, 7
7.4, 0.32, 0.22, 1.7, 0.051, 50.0, 179.0, 0.9955, 3.28, 0.69, 8.9, 5
7.8, 0.39, 0.26, 9.9, 0.059, 33.0, 181.0, 0.9955, 3.04, 0.42, 10.9, 6
6.9, 0.19, 0.28, 3.0, 0.054, 33.0, 99.0, 0.9924, 3.16, 0.4, 10.8, 6
6.5, 0.18, 0.26, 1.4, 0.041, 40.0, 141.0, 0.9941, 3.34, 0.72, 9.5, 6
6.4, 0.15, 0.36, 1.8, 0.034, 43.0, 150.0, 0.9922, 3.42, 0.69, 11.0, 8
6.7, 0.24, 0.29, 6.8, 0.038, 54.0, 127.0, 0.9932, 3.33, 0.46, 11.6, 7
8.5, 0.21, 0.26, 9.25, 0.034, 73.0, 142.0, 0.9945, 3.05, 0.37, 11.4, 6
7.8, 0.22, 0.36, 1.4, 0.056, 21.0, 153.0, 0.993, 3.2, 0.53, 10.4, 6
7.1, 0.37, 0.32, 1.4, 0.037, 27.0, 126.0, 0.9918, 3.19, 0.62, 12.0, 5
6.7, 0.27, 0.3, 13.9, 0.029, 34.0, 131.0, 0.9953, 3.36, 0.5, 12.0, 7
7.4, 0.29, 0.31, 1.7, 0.035, 23.0, 110.0, 0.9926, 3.07, 0.38, 10.9, 5
6.5, 0.32, 0.12, 11.5, 0.033, 35.0, 165.0, 0.9974, 3.22, 0.32, 9.0, 5
6.5, 0.32, 0.12, 11.5, 0.033, 35.0, 165.0, 0.9974, 3.22, 0.32, 9.0, 5
7.3, 0.17, 0.23, 6.3, 0.051, 35.0, 240.0, 0.9963, 3.36, 0.54, 10.0, 6
7.7, 0.44, 0.24, 11.2, 0.031, 41.0, 167.0, 0.9948, 3.12, 0.43, 11.3, 7
6.1, 0.34, 0.46, 4.7, 0.029, 21.0, 94.0, 0.991, 3.29, 0.62, 12.3, 6
8.7, 0.49, 0.57, 17.8, 0.052, 34.0, 243.0, 1.0007, 2.98, 0.82, 9.0, 5
6.8, 0.24, 0.35, 6.4, 0.048, 44.0, 172.0, 0.9944, 3.29, 0.55, 10.5, 7
8.0, 0.22, 0.28, 14.0, 0.053, 83.0, 197.0, 0.9981, 3.14, 0.45, 9.8, 6
7.6, 0.36, 0.44, 8.3, 0.255, 28.0, 142.0, 0.9958, 3.12, 0.43, 10.2, 6
7.6, 0.27, 0.25, 13.9, 0.05, 45.0, 199.0, 0.9984, 3.34, 0.5, 9.8, 6
7.0, 0.21, 0.22, 5.1, 0.048, 38.0, 168.0, 0.9945, 3.34, 0.49, 10.4, 6
7.9, 0.29, 0.31, 7.35, 0.034, 37.0, 154.0, 0.9938, 3.06, 0.31, 10.8, 5
6.6, 0.31, 0.38, 16.05, 0.058, 16.0, 165.0, 0.9997, 3.38, 0.6, 9.2, 5
8.0, 0.25, 0.26, 14.0, 0.043, 41.0, 248.0, 0.9986, 3.03, 0.57, 8.7, 6
7.2, 0.2, 0.61, 16.2, 0.043, 14.0, 103.0, 0.9987, 3.06, 0.36, 9.2, 6
7.5, 0.29, 0.67, 8.1, 0.037, 53.0, 166.0, 0.9966, 2.9, 0.41, 8.9, 6
7.9, 0.26, 0.33, 10.3, 0.039, 73.0, 212.0, 0.9969, 2.93, 0.49, 9.5, 6
6.6, 0.25, 0.36, 8.1, 0.045, 54.0, 180.0, 0.9958, 3.08, 0.42, 9.2, 5
7.9, 0.3, 0.27, 8.5, 0.036, 20.0, 112.0, 0.9939, 2.96, 0.46, 11.7, 6
7.1, 0.18, 0.26, 1.3, 0.041, 20.0, 71.0, 0.9926, 3.04, 0.74, 9.9, 6
6.6, 0.35, 0.29, 14.4, 0.044, 54.0, 177.0, 0.9991, 3.17, 0.58, 8.9, 6
8.1, 0.26, 0.33, 11.1, 0.052, 52.5, 158.0, 0.9976, 3.03, 0.49, 10.2, 7
7.0, 0.27, 0.32, 6.8, 0.047, 47.0, 193.0, 0.9938, 3.23, 0.39, 11.4, 6
8.8, 0.34, 0.33, 9.7, 0.036, 46.0, 172.0, 0.9966, 3.08, 0.4, 10.2, 5
9.2, 0.27, 0.34, 10.5, 0.043, 49.0, 228.0, 0.9974, 3.04, 0.41, 10.4, 6
6.8, 0.31, 0.32, 7.6, 0.052, 35.0, 143.0, 0.9959, 3.14, 0.38, 9.0, 5
6.8, 0.31, 0.32, 7.6, 0.052, 35.0, 143.0, 0.9959, 3.14, 0.38, 9.0, 5
8.1, 0.26, 0.3, 7.8, 0.049, 39.0, 152.0, 0.9954, 2.99, 0.58, 10.0, 6
9.5, 0.21, 0.47, 1.3, 0.039, 21.0, 123.0, 0.9959, 2.9, 0.64, 9.5, 5
8.2, 0.21, 0.48, 1.4, 0.041, 11.0, 99.0, 0.9958, 3.17, 0.57, 9.9, 5
7.6, 0.2, 0.3, 14.2, 0.056, 53.0, 212.5, 0.999, 3.14, 0.46, 8.9, 8
7.1, 0.33, 0.3, 3.3, 0.034, 30.0, 102.0, 0.9912, 3.08, 0.31, 12.3, 7
7.6, 0.2, 0.3, 14.2, 0.056, 53.0, 212.5, 0.999, 3.14, 0.46, 8.9, 8
7.0, 0.28, 0.33, 14.6, 0.043, 47.0, 168.0, 0.9994, 3.34, 0.67, 8.8, 6
7.0, 0.28, 0.33, 14.6, 0.043, 47.0, 168.0, 0.9994, 3.34, 0.67, 8.8, 6
5.6, 0.18, 0.31, 1.5, 0.038, 16.0, 84.0, 0.9924, 3.34, 0.58, 10.1, 6
9.0, 0.55, 0.3, 8.1, 0.026, 14.0, 71.0, 0.993, 2.94, 0.36, 11.8, 5
7.0, 0.2, 0.34, 2.1, 0.049, 12.0, 136.0, 0.9922, 3.25, 0.46, 11.6, 7
7.7, 0.26, 0.34, 6.4, 0.05, 36.0, 163.0, 0.9937, 3.19, 0.7, 11.5, 6
7.6, 0.29, 0.26, 6.5, 0.042, 32.0, 160.0, 0.9944, 3.14, 0.47, 10.7, 5
5.5, 0.14, 0.27, 4.6, 0.029, 22.0, 104.0, 0.9949, 3.34, 0.44, 9.0, 5
6.8, 0.21, 0.27, 18.15, 0.042, 41.0, 146.0, 1.0001, 3.3, 0.36, 8.7, 5
8.6, 0.485, 0.29, 4.1, 0.026, 19.0, 101.0, 0.9918, 3.01, 0.38, 12.4, 5
6.9, 0.17, 0.25, 1.6, 0.047, 34.0, 132.0, 0.9914, 3.16, 0.48, 11.4, 5
7.1, 0.33, 0.25, 1.6, 0.03, 25.0, 126.0, 0.9901, 3.22, 0.34, 12.1, 7
6.6, 0.22, 0.28, 4.9, 0.042, 51.0, 180.0, 0.9952, 3.3, 0.75, 9.5, 6
7.9, 0.17, 0.32, 1.6, 0.053, 47.0, 150.0, 0.9948, 3.29, 0.76, 9.6, 6
8.7, 0.15, 0.3, 1.6, 0.046, 29.0, 130.0, 0.9942, 3.22, 0.38, 9.8, 6
6.0, 0.16, 0.3, 6.7, 0.043, 43.0, 153.0, 0.9951, 3.63, 0.46, 10.6, 5
8.5, 0.24, 0.47, 15.2, 0.057, 40.0, 234.0, 1.0005, 3.02, 0.66, 9.0, 5
8.1, 0.24, 0.33, 10.2, 0.048, 46.0, 141.0, 0.9972, 3.16, 0.48, 10.3, 6
6.5, 0.22, 0.25, 17.1, 0.05, 44.0, 138.0, 1.0001, 3.3, 0.37, 8.8, 5
5.7, 0.33, 0.15, 1.9, 0.05, 20.0, 93.0, 0.9934, 3.38, 0.62, 9.9, 5
7.7, 0.26, 0.32, 1.2, 0.04, 26.0, 117.0, 0.993, 3.21, 0.56, 10.8, 5
6.9, 0.26, 0.33, 12.6, 0.051, 59.0, 173.0, 0.998, 3.39, 0.38, 9.9, 5
6.0, 0.28, 0.22, 12.15, 0.048, 42.0, 163.0, 0.9957, 3.2, 0.46, 10.1, 5
7.2, 0.16, 0.26, 7.1, 0.054, 41.0, 224.0, 0.9966, 3.38, 0.55, 10.1, 5
7.0, 0.22, 0.33, 2.1, 0.052, 15.0, 76.0, 0.993, 3.2, 0.41, 10.6, 6
6.0, 0.33, 0.38, 9.7, 0.04, 29.0, 124.0, 0.9954, 3.47, 0.48, 11.0, 6
7.6, 0.32, 0.58, 16.75, 0.05, 43.0, 163.0, 0.9999, 3.15, 0.54, 9.2, 5
6.5, 0.39, 0.81, 1.2, 0.217, 14.0, 74.0, 0.9936, 3.08, 0.53, 9.5, 5
6.4, 0.18, 0.32, 9.6, 0.052, 24.0, 90.0, 0.9963, 3.35, 0.49, 9.4, 6
7.6, 0.27, 0.42, 2.6, 0.044, 29.0, 110.0, 0.9912, 3.31, 0.51, 12.7, 6
6.6, 0.23, 0.24, 3.9, 0.045, 36.0, 138.0, 0.9922, 3.15, 0.64, 11.3, 7
7.0, 0.32, 0.35, 1.5, 0.039, 24.0, 125.0, 0.9918, 3.17, 0.64, 12.2, 6
8.5, 0.28, 0.34, 13.8, 0.041, 32.0, 161.0, 0.9981, 3.13, 0.4, 9.9, 6
7.8, 0.3, 0.37, 1.3, 0.051, 16.0, 96.0, 0.9941, 3.32, 0.62, 10.0, 5
6.9, 0.44, 0.42, 8.5, 0.048, 10.0, 147.0, 0.9974, 3.32, 0.46, 9.5, 6
9.2, 0.34, 0.54, 17.3, 0.06, 46.0, 235.0, 1.00182, 3.08, 0.61, 8.8, 6
6.3, 0.27, 0.18, 7.7, 0.048, 45.0, 186.0, 0.9962, 3.23, 0.47, 9.0, 5
6.2, 0.26, 0.19, 3.4, 0.049, 47.0, 172.0, 0.9924, 3.14, 0.43, 10.4, 6
7.3, 0.21, 0.21, 1.6, 0.046, 35.0, 133.0, 0.99466, 3.38, 0.46, 10.0, 6
7.6, 0.48, 0.28, 10.4, 0.049, 57.0, 205.0, 0.99748, 3.24, 0.45, 9.3, 5
8.5, 0.25, 0.31, 2.8, 0.032, 11.0, 61.0, 0.99189, 3.06, 0.44, 11.5, 6
9.4, 0.42, 0.32, 6.5, 0.027, 20.0, 167.0, 0.99479, 3.08, 0.43, 10.6, 5
6.3, 0.2, 0.3, 5.9, 0.034, 35.0, 152.0, 0.99642, 3.47, 0.4, 8.5, 6
7.3, 0.19, 0.25, 1.4, 0.051, 41.0, 107.0, 0.99382, 3.53, 0.66, 10.5, 7
6.4, 0.16, 0.25, 1.3, 0.047, 20.0, 77.0, 0.9933, 3.61, 0.54, 10.2, 6
7.4, 0.33, 0.26, 15.6, 0.049, 67.0, 210.0, 0.99907, 3.06, 0.68, 9.5, 5
6.7, 0.43, 0.23, 5.0, 0.157, 49.0, 145.0, 0.99471, 3.17, 0.49, 9.4, 5
7.3, 0.4, 0.28, 6.5, 0.037, 26.0, 97.0, 0.99148, 3.16, 0.58, 12.6, 7
6.6, 0.22, 0.28, 12.05, 0.058, 25.0, 125.0, 0.99856, 3.45, 0.45, 9.4, 5
9.4, 0.28, 0.3, 1.6, 0.045, 36.0, 139.0, 0.99534, 3.11, 0.49, 9.3, 5
6.1, 0.41, 0.04, 1.3, 0.036, 23.0, 121.0, 0.99228, 3.24, 0.61, 9.9, 6
7.5, 0.3, 0.32, 1.4, 0.032, 31.0, 161.0, 0.99154, 2.95, 0.42, 10.5, 5
6.8, 0.37, 0.28, 1.9, 0.024, 64.0, 106.0, 0.98993, 3.45, 0.6, 12.6, 8
6.7, 0.17, 0.27, 1.4, 0.032, 39.0, 149.0, 0.99254, 3.4, 0.52, 10.5, 5
8.1, 0.24, 0.26, 11.0, 0.043, 41.0, 211.0, 0.99676, 3.11, 0.49, 10.0, 6
7.7, 0.28, 0.63, 11.1, 0.039, 58.0, 179.0, 0.9979, 3.08, 0.44, 8.8, 4
8.3, 0.26, 0.31, 2.0, 0.029, 14.0, 141.0, 0.99077, 2.95, 0.77, 12.2, 6
7.4, 0.32, 0.27, 12.9, 0.04, 60.0, 221.0, 0.99831, 3.05, 0.66, 9.4, 5
6.0, 0.495, 0.27, 5.0, 0.157, 17.0, 129.0, 0.99396, 3.03, 0.36, 9.3, 5
7.4, 0.34, 0.3, 14.9, 0.037, 70.0, 169.0, 0.99698, 3.25, 0.37, 10.4, 6
6.2, 0.45, 0.73, 7.2, 0.099, 47.0, 202.0, 0.99582, 3.21, 0.43, 9.2, 5
6.0, 0.33, 0.18, 3.0, 0.036, 5.0, 85.0, 0.99125, 3.28, 0.4, 11.5, 4
7.6, 0.48, 0.37, 1.2, 0.034, 5.0, 57.0, 0.99256, 3.05, 0.54, 10.4, 3
7.2, 0.2, 0.3, 2.0, 0.039, 43.0, 188.0, 0.9911, 3.3, 0.41, 12.0, 6
6.4, 0.27, 0.19, 2.0, 0.084, 21.0, 191.0, 0.99516, 3.49, 0.63, 9.6, 4
6.9, 0.3, 0.29, 1.3, 0.053, 24.0, 189.0, 0.99362, 3.29, 0.54, 9.9, 4
6.8, 0.46, 0.26, 2.7, 0.042, 28.0, 83.0, 0.99114, 3.38, 0.51, 12.0, 8
7.0, 0.27, 0.29, 3.9, 0.059, 28.0, 199.0, 0.9961, 3.54, 0.59, 10.3, 5
8.0, 0.36, 0.39, 1.6, 0.024, 26.0, 93.0, 0.99116, 3.15, 0.49, 11.9, 6
9.8, 0.16, 0.46, 1.8, 0.046, 23.0, 130.0, 0.99587, 3.04, 0.67, 9.6, 5
6.6, 0.23, 0.18, 8.5, 0.044, 59.0, 188.0, 0.99558, 3.16, 0.49, 9.5, 5
8.1, 0.34, 0.28, 7.5, 0.04, 70.0, 230.0, 0.99558, 3.14, 0.55, 9.8, 6
8.1, 0.34, 0.28, 7.5, 0.04, 70.0, 230.0, 0.99558, 3.14, 0.55, 9.8, 6
8.0, 0.26, 0.28, 4.8, 0.05, 34.0, 150.0, 0.99437, 3.13, 0.5, 10.0, 6
7.3, 0.27, 0.37, 9.7, 0.042, 36.0, 130.0, 0.9979, 3.48, 0.75, 9.9, 6
6.6, 0.56, 0.15, 10.0, 0.037, 38.0, 157.0, 0.99642, 3.28, 0.52, 9.4, 5
8.3, 0.25, 0.33, 2.5, 0.053, 12.0, 72.0, 0.99404, 2.89, 0.48, 9.5, 5
7.0, 0.26, 0.26, 10.8, 0.039, 37.0, 184.0, 0.99787, 3.47, 0.58, 10.3, 7
5.6, 0.35, 0.4, 6.3, 0.022, 23.0, 174.0, 0.9922, 3.54, 0.5, 11.6, 7
8.8, 0.24, 0.23, 10.3, 0.032, 12.0, 97.0, 0.99571, 3.13, 0.4, 10.7, 6
6.3, 0.27, 0.37, 7.9, 0.047, 58.0, 215.0, 0.99542, 3.19, 0.48, 9.5, 6
6.3, 0.27, 0.37, 7.9, 0.047, 58.0, 215.0, 0.99542, 3.19, 0.48, 9.5, 6
6.1, 0.28, 0.24, 19.95, 0.074, 32.0, 174.0, 0.99922, 3.19, 0.44, 9.3, 6
6.9, 0.26, 0.31, 7.0, 0.039, 37.0, 175.0, 0.99376, 3.32, 0.49, 11.4, 6
6.8, 0.21, 0.36, 18.1, 0.046, 32.0, 133.0, 1.0, 3.27, 0.48, 8.8, 5
8.6, 0.34, 0.36, 1.4, 0.045, 11.0, 119.0, 0.99556, 3.17, 0.47, 9.4, 4
6.3, 0.24, 0.55, 8.1, 0.04, 67.0, 216.0, 0.99596, 3.24, 0.5, 9.2, 5
8.2, 0.2, 0.38, 3.5, 0.053, 41.0, 174.0, 0.99306, 3.22, 0.41, 11.6, 5
5.9, 0.28, 0.14, 8.6, 0.032, 30.0, 142.0, 0.99542, 3.28, 0.44, 9.5, 6
6.3, 0.26, 0.42, 7.1, 0.045, 62.0, 209.0, 0.99544, 3.2, 0.53, 9.5, 6
6.2, 0.33, 0.14, 4.8, 0.052, 27.0, 128.0, 0.99475, 3.21, 0.48, 9.4, 5
6.9, 0.32, 0.26, 2.3, 0.03, 11.0, 103.0, 0.99106, 3.06, 0.42, 11.1, 6
5.7, 0.255, 0.65, 1.2, 0.079, 17.0, 137.0, 0.99307, 3.2, 0.42, 9.4, 5
6.6, 0.41, 0.16, 1.4, 0.037, 28.0, 160.0, 0.99167, 2.95, 0.45, 10.6, 6
6.8, 0.28, 0.36, 7.0, 0.043, 60.0, 207.0, 0.99556, 3.16, 0.49, 9.6, 6
7.0, 0.16, 0.32, 1.1, 0.032, 29.0, 80.0, 0.98972, 3.23, 0.36, 12.1, 6
6.7, 0.25, 0.36, 8.6, 0.037, 63.0, 206.0, 0.99553, 3.18, 0.5, 9.6, 5
6.8, 0.18, 0.3, 12.8, 0.062, 19.0, 171.0, 0.99808, 3.0, 0.52, 9.0, 7
6.7, 0.34, 0.3, 8.5, 0.059, 24.0, 152.0, 0.99615, 3.46, 0.64, 11.0, 7
8.2, 0.52, 0.34, 1.2, 0.042, 18.0, 167.0, 0.99366, 3.24, 0.39, 10.6, 5
6.2, 0.26, 0.32, 15.3, 0.031, 64.0, 185.0, 0.99835, 3.31, 0.61, 9.4, 5
7.1, 0.2, 0.3, 0.9, 0.019, 4.0, 28.0, 0.98931, 3.2, 0.36, 12.0, 6
6.3, 0.27, 0.46, 11.1, 0.053, 44.0, 177.0, 0.99691, 3.18, 0.67, 9.4, 5
6.7, 0.3, 0.29, 2.8, 0.025, 37.0, 107.0, 0.99159, 3.31, 0.63, 11.3, 7
6.15, 0.21, 0.37, 3.2, 0.021, 20.0, 80.0, 0.99076, 3.39, 0.47, 12.0, 5
6.5, 0.18, 0.41, 14.2, 0.039, 47.0, 129.0, 0.99678, 3.28, 0.72, 10.3, 7
6.5, 0.28, 0.28, 20.4, 0.041, 40.0, 144.0, 1.0002, 3.14, 0.38, 8.7, 5
6.6, 0.36, 0.52, 10.1, 0.05, 29.0, 140.0, 0.99628, 3.07, 0.4, 9.4, 5
6.15, 0.21, 0.37, 3.2, 0.021, 20.0, 80.0, 0.99076, 3.39, 0.47, 12.0, 5
4.5, 0.19, 0.21, 0.95, 0.033, 89.0, 159.0, 0.99332, 3.34, 0.42, 8.0, 5
8.0, 0.24, 0.26, 1.7, 0.033, 36.0, 136.0, 0.99316, 3.44, 0.51, 10.4, 7
5.8, 0.6, 0.0, 1.3, 0.044, 72.0, 197.0, 0.99202, 3.56, 0.43, 10.9, 5
8.7, 0.31, 0.73, 14.35, 0.044, 27.0, 191.0, 1.00013, 2.96, 0.88, 8.7, 5
9.2, 0.14, 0.37, 1.1, 0.034, 36.0, 84.0, 0.99136, 3.05, 0.55, 11.6, 6
7.4, 0.2, 0.37, 1.2, 0.028, 28.0, 89.0, 0.99132, 3.14, 0.61, 11.8, 6
6.7, 0.12, 0.3, 5.2, 0.048, 38.0, 113.0, 0.99352, 3.33, 0.44, 10.1, 7
6.7, 0.33, 0.34, 6.6, 0.067, 35.0, 156.0, 0.99542, 3.11, 0.48, 9.3, 6
7.2, 0.3, 0.26, 1.5, 0.041, 46.0, 178.0, 0.99154, 3.19, 0.56, 11.3, 6
8.0, 0.13, 0.25, 1.1, 0.033, 15.0, 86.0, 0.99044, 2.98, 0.39, 11.2, 8
6.2, 0.21, 0.34, 6.6, 0.03, 36.0, 91.0, 0.9914, 3.32, 0.45, 12.5, 7
7.0, 0.15, 0.3, 13.3, 0.049, 46.0, 120.0, 0.99704, 3.2, 0.36, 9.5, 7
6.2, 0.25, 0.31, 3.2, 0.03, 32.0, 150.0, 0.99014, 3.18, 0.31, 12.0, 6
8.0, 0.17, 0.29, 2.4, 0.029, 52.0, 119.0, 0.98944, 3.03, 0.33, 12.9, 6
6.5, 0.23, 0.36, 16.3, 0.038, 43.0, 133.0, 0.99924, 3.26, 0.41, 8.8, 5
6.5, 0.23, 0.36, 16.3, 0.038, 43.0, 133.0, 0.99924, 3.26, 0.41, 8.8, 5
6.5, 0.23, 0.36, 16.3, 0.038, 43.0, 133.0, 0.99924, 3.26, 0.41, 8.8, 5
6.5, 0.23, 0.36, 16.3, 0.038, 43.0, 133.0, 0.99924, 3.26, 0.41, 8.8, 5
6.8, 0.23, 0.42, 7.4, 0.044, 56.0, 189.0, 0.9958, 3.22, 0.48, 9.3, 6
6.8, 0.23, 0.42, 7.4, 0.044, 56.0, 189.0, 0.9958, 3.22, 0.48, 9.3, 6
7.8, 0.25, 0.28, 7.2, 0.04, 46.0, 179.0, 0.99541, 3.14, 0.6, 10.1, 6
6.8, 0.16, 0.29, 10.4, 0.046, 59.0, 143.0, 0.99518, 3.2, 0.4, 10.8, 6
5.3, 0.2, 0.31, 3.6, 0.036, 22.0, 91.0, 0.99278, 3.41, 0.5, 9.8, 6
8.0, 0.23, 0.28, 2.7, 0.048, 49.0, 165.0, 0.9952, 3.26, 0.72, 9.5, 6
7.0, 0.34, 0.3, 1.8, 0.045, 44.0, 142.0, 0.9914, 2.99, 0.45, 10.8, 6
7.3, 0.26, 0.33, 11.8, 0.057, 48.0, 127.0, 0.99693, 3.1, 0.55, 10.0, 6
7.1, 0.43, 0.3, 6.6, 0.025, 15.0, 138.0, 0.99126, 3.18, 0.46, 12.6, 6
5.8, 0.315, 0.27, 1.55, 0.026, 15.0, 70.0, 0.98994, 3.37, 0.4, 11.9, 8
7.7, 0.18, 0.35, 5.8, 0.055, 25.0, 144.0, 0.99576, 3.24, 0.54, 10.2, 6
6.0, 0.26, 0.15, 1.3, 0.06, 51.0, 154.0, 0.99354, 3.14, 0.51, 8.7, 5
6.4, 0.27, 0.29, 10.8, 0.028, 17.0, 118.0, 0.99356, 3.18, 0.37, 11.2, 6
6.9, 0.16, 0.37, 1.8, 0.034, 36.0, 95.0, 0.98952, 2.93, 0.59, 12.0, 6
7.7, 0.3, 0.34, 1.2, 0.048, 4.0, 119.0, 0.99084, 3.18, 0.34, 12.1, 6
6.4, 0.44, 0.44, 14.4, 0.048, 29.0, 228.0, 0.99955, 3.26, 0.54, 8.8, 7
7.0, 0.36, 0.32, 10.05, 0.045, 37.0, 131.0, 0.99352, 3.09, 0.33, 11.7, 8
7.6, 0.2, 0.36, 1.9, 0.043, 24.0, 111.0, 0.99237, 3.29, 0.54, 11.3, 6
7.1, 0.2, 0.31, 7.4, 0.053, 32.0, 211.0, 0.99587, 3.31, 0.59, 10.4, 6
7.1, 0.2, 0.31, 6.85, 0.053, 32.0, 211.0, 0.99587, 3.31, 0.59, 10.4, 6
6.5, 0.37, 0.3, 2.2, 0.033, 39.0, 107.0, 0.98894, 3.22, 0.53, 13.5, 7
6.9, 0.31, 0.32, 1.6, 0.036, 34.0, 114.0, 0.99068, 3.19, 0.45, 11.4, 7
7.3, 0.2, 0.26, 1.6, 0.04, 36.0, 123.0, 0.99238, 3.34, 0.44, 10.8, 6
7.5, 0.17, 0.71, 11.8, 0.038, 52.0, 148.0, 0.99801, 3.03, 0.46, 8.9, 5
7.5, 0.18, 0.72, 9.6, 0.039, 53.0, 151.0, 0.99802, 3.03, 0.46, 8.9, 5
5.8, 0.32, 0.31, 2.7, 0.049, 25.0, 153.0, 0.99067, 3.44, 0.73, 12.2, 7
6.7, 0.16, 0.34, 1.6, 0.026, 27.0, 109.0, 0.9934, 3.34, 0.58, 10.1, 6
7.2, 0.17, 0.41, 1.6, 0.052, 24.0, 126.0, 0.99228, 3.19, 0.49, 10.8, 5
6.7, 0.325, 0.82, 1.2, 0.152, 49.0, 120.0, 0.99312, 2.99, 0.38, 9.2, 5
7.6, 0.27, 0.34, 5.0, 0.04, 18.0, 56.0, 0.99084, 3.06, 0.48, 12.4, 6
6.5, 0.22, 0.45, 8.0, 0.053, 52.0, 196.0, 0.9959, 3.23, 0.48, 9.1, 6
7.1, 0.26, 0.32, 16.2, 0.044, 31.0, 170.0, 0.99644, 3.17, 0.37, 11.2, 5
6.6, 0.17, 0.3, 1.1, 0.031, 13.0, 73.0, 0.99095, 3.17, 0.58, 11.0, 6
7.2, 0.44, 0.28, 3.4, 0.048, 22.0, 112.0, 0.99188, 3.21, 0.37, 11.3, 7
5.8, 0.2, 0.34, 1.0, 0.035, 40.0, 86.0, 0.98993, 3.5, 0.42, 11.7, 5
5.3, 0.16, 0.39, 1.0, 0.028, 40.0, 101.0, 0.99156, 3.57, 0.59, 10.6, 6
5.1, 0.11, 0.32, 1.6, 0.028, 12.0, 90.0, 0.99008, 3.57, 0.52, 12.2, 6
5.3, 0.16, 0.39, 1.0, 0.028, 40.0, 101.0, 0.99156, 3.57, 0.59, 10.6, 6
6.2, 0.23, 0.23, 1.2, 0.018, 18.0, 128.0, 0.99178, 3.05, 0.28, 10.6, 5
5.9, 0.32, 0.33, 2.1, 0.027, 35.0, 138.0, 0.98945, 3.37, 0.42, 12.7, 6
5.7, 0.37, 0.3, 1.1, 0.029, 24.0, 88.0, 0.98883, 3.18, 0.39, 11.7, 6
7.9, 0.25, 0.35, 6.7, 0.039, 22.0, 64.0, 0.99362, 2.93, 0.49, 10.7, 5
7.2, 0.21, 0.28, 2.7, 0.033, 38.0, 94.0, 0.99075, 2.99, 0.43, 11.8, 7
6.4, 0.2, 0.28, 2.5, 0.032, 24.0, 84.0, 0.99168, 3.31, 0.55, 11.5, 5
6.9, 0.2, 0.3, 4.7, 0.041, 40.0, 148.0, 0.9932, 3.16, 0.35, 10.2, 6
6.7, 0.42, 0.46, 9.7, 0.054, 67.0, 234.0, 0.99848, 3.23, 0.5, 9.0, 5
6.4, 0.125, 0.36, 1.4, 0.044, 22.0, 68.0, 0.99014, 3.15, 0.5, 11.7, 7
6.7, 0.42, 0.46, 9.7, 0.054, 67.0, 234.0, 0.99848, 3.23, 0.5, 9.0, 5
6.5, 0.22, 0.32, 2.2, 0.028, 36.0, 92.0, 0.99076, 3.27, 0.59, 11.9, 7
6.2, 0.36, 0.14, 8.9, 0.036, 38.0, 155.0, 0.99622, 3.27, 0.5, 9.4, 5
6.6, 0.26, 0.46, 6.9, 0.047, 59.0, 183.0, 0.99594, 3.2, 0.45, 9.3, 5
7.1, 0.36, 0.4, 1.95, 0.033, 26.0, 118.0, 0.98934, 3.2, 0.45, 13.5, 7
5.7, 0.28, 0.28, 2.2, 0.019, 15.0, 65.0, 0.9902, 3.06, 0.52, 11.2, 6
6.4, 0.16, 0.32, 8.75, 0.038, 38.0, 118.0, 0.99449, 3.19, 0.41, 10.7, 5
6.9, 0.22, 0.31, 6.3, 0.029, 41.0, 131.0, 0.99326, 3.08, 0.49, 10.8, 6
7.0, 0.31, 0.31, 9.1, 0.036, 45.0, 140.0, 0.99216, 2.98, 0.31, 12.0, 7
7.1, 0.29, 0.34, 7.8, 0.036, 49.0, 128.0, 0.99397, 3.21, 0.4, 10.7, 6
7.2, 0.3, 0.3, 8.7, 0.022, 14.0, 111.0, 0.99576, 3.11, 0.61, 10.6, 5
6.0, 0.28, 0.25, 1.8, 0.042, 8.0, 108.0, 0.9929, 3.08, 0.55, 9.0, 5
6.0, 0.28, 0.25, 1.8, 0.042, 8.0, 108.0, 0.9929, 3.08, 0.55, 9.0, 5
7.2, 0.2, 0.22, 1.6, 0.044, 17.0, 101.0, 0.99471, 3.37, 0.53, 10.0, 5
7.3, 0.4, 0.26, 5.45, 0.016, 26.0, 90.0, 0.98951, 2.84, 0.54, 13.2, 7
6.9, 0.23, 0.41, 8.0, 0.03, 30.0, 114.0, 0.99368, 3.22, 0.54, 11.0, 6
5.5, 0.34, 0.26, 2.2, 0.021, 31.0, 119.0, 0.98919, 3.55, 0.49, 13.0, 8
8.4, 0.31, 0.31, 0.95, 0.021, 52.0, 148.0, 0.99038, 2.93, 0.32, 11.5, 5
7.3, 0.26, 0.24, 1.7, 0.05, 10.0, 112.0, 0.99286, 3.11, 0.43, 9.9, 5
6.3, 0.22, 0.22, 5.6, 0.039, 31.0, 128.0, 0.99296, 3.12, 0.46, 10.4, 6
6.7, 0.36, 0.26, 7.9, 0.034, 39.0, 123.0, 0.99119, 2.99, 0.3, 12.2, 7
6.1, 0.38, 0.42, 5.0, 0.016, 31.0, 113.0, 0.99007, 3.15, 0.31, 12.4, 7
6.0, 0.26, 0.32, 3.8, 0.029, 48.0, 180.0, 0.99011, 3.15, 0.34, 12.0, 6
6.8, 0.18, 0.28, 9.8, 0.039, 29.0, 113.0, 0.99406, 3.11, 0.45, 10.9, 7
6.5, 0.35, 0.36, 0.8, 0.034, 32.0, 111.0, 0.98942, 3.11, 0.5, 12.1, 8
6.7, 0.18, 0.28, 10.2, 0.039, 29.0, 115.0, 0.99469, 3.11, 0.45, 10.9, 7
6.3, 0.18, 0.36, 1.2, 0.034, 26.0, 111.0, 0.99074, 3.16, 0.51, 11.0, 6
5.0, 0.3, 0.33, 3.7, 0.03, 54.0, 173.0, 0.9887, 3.36, 0.3, 13.0, 7
6.5, 0.2, 0.5, 18.1, 0.054, 50.0, 221.0, 0.99941, 2.94, 0.64, 8.8, 6
6.6, 0.22, 0.36, 5.5, 0.029, 30.0, 105.0, 0.99206, 3.2, 0.47, 11.8, 6
7.0, 0.13, 0.37, 12.85, 0.042, 36.0, 105.0, 0.99581, 3.05, 0.55, 10.7, 6
7.2, 0.32, 0.3, 8.25, 0.02, 14.0, 104.0, 0.99362, 2.99, 0.44, 11.4, 6
6.7, 0.14, 0.46, 1.6, 0.036, 15.0, 92.0, 0.99264, 3.37, 0.49, 10.9, 5
6.9, 0.25, 0.47, 8.4, 0.042, 36.0, 156.0, 0.99604, 3.15, 0.55, 9.4, 6
6.3, 0.2, 0.37, 11.8, 0.045, 58.0, 130.0, 0.99519, 3.2, 0.35, 10.8, 5
7.5, 0.33, 0.38, 8.7, 0.126, 49.0, 199.0, 0.99711, 2.98, 0.57, 9.4, 5
7.2, 0.27, 0.37, 5.4, 0.026, 27.0, 114.0, 0.99174, 3.13, 0.84, 12.7, 5
6.2, 0.25, 0.54, 7.0, 0.046, 58.0, 176.0, 0.99454, 3.19, 0.7, 10.4, 5
7.4, 0.21, 0.8, 12.3, 0.038, 77.0, 183.0, 0.99778, 2.95, 0.48, 9.0, 5
7.4, 0.21, 0.8, 12.3, 0.038, 77.0, 183.0, 0.99778, 2.95, 0.48, 9.0, 5
5.8, 0.31, 0.32, 4.5, 0.024, 28.0, 94.0, 0.98906, 3.25, 0.52, 13.7, 7
5.8, 0.31, 0.32, 4.5, 0.024, 28.0, 94.0, 0.98906, 3.25, 0.52, 13.7, 7
6.3, 0.28, 0.47, 11.2, 0.04, 61.0, 183.0, 0.99592, 3.12, 0.51, 9.5, 6
9.7, 0.24, 0.49, 4.9, 0.032, 3.0, 18.0, 0.99368, 2.85, 0.54, 10.0, 6
7.7, 0.26, 0.51, 2.6, 0.045, 26.0, 159.0, 0.99126, 3.0, 0.5, 11.2, 6
6.7, 0.24, 0.46, 2.2, 0.033, 19.0, 111.0, 0.99045, 3.1, 0.62, 11.9, 6
7.6, 0.23, 0.34, 1.6, 0.043, 24.0, 129.0, 0.99305, 3.12, 0.7, 10.4, 5
6.3, 0.17, 0.32, 4.2, 0.04, 37.0, 117.0, 0.99182, 3.24, 0.43, 11.3, 6
5.6, 0.18, 0.27, 1.7, 0.03, 31.0, 103.0, 0.98892, 3.35, 0.37, 12.9, 6
5.0, 0.24, 0.21, 2.2, 0.039, 31.0, 100.0, 0.99098, 3.69, 0.62, 11.7, 6
6.3, 0.35, 0.26, 17.6, 0.061, 59.0, 198.0, 0.99918, 3.11, 0.49, 8.8, 5
5.6, 0.19, 0.27, 0.9, 0.04, 52.0, 103.0, 0.99026, 3.5, 0.39, 11.2, 5
6.2, 0.25, 0.39, 1.3, 0.051, 42.0, 135.0, 0.9906, 3.23, 0.4, 11.1, 6
6.2, 0.23, 0.36, 17.2, 0.039, 37.0, 130.0, 0.99946, 3.23, 0.43, 8.8, 6
6.2, 0.23, 0.36, 17.2, 0.039, 37.0, 130.0, 0.99946, 3.23, 0.43, 8.8, 6
7.6, 0.25, 1.23, 4.6, 0.035, 51.0, 294.0, 0.99018, 3.03, 0.43, 13.1, 6
6.1, 0.17, 0.42, 15.1, 0.033, 28.0, 124.0, 0.99684, 2.87, 0.47, 9.5, 5
6.8, 0.39, 0.34, 7.4, 0.02, 38.0, 133.0, 0.99212, 3.18, 0.44, 12.0, 7
7.1, 0.36, 0.37, 4.8, 0.019, 39.0, 114.0, 0.99036, 3.08, 0.49, 12.7, 7
5.2, 0.34, 0.37, 6.2, 0.031, 42.0, 133.0, 0.99076, 3.25, 0.41, 12.5, 6
5.6, 0.28, 0.4, 6.1, 0.034, 36.0, 118.0, 0.99144, 3.21, 0.43, 12.1, 7
6.7, 0.33, 0.36, 6.6, 0.042, 34.0, 116.0, 0.99123, 2.97, 0.31, 12.2, 8
5.5, 0.12, 0.33, 1.0, 0.038, 23.0, 131.0, 0.99164, 3.25, 0.45, 9.8, 5
6.7, 0.18, 0.37, 1.3, 0.027, 42.0, 125.0, 0.98939, 3.24, 0.37, 12.8, 7
7.0, 0.17, 0.36, 6.4, 0.055, 42.0, 123.0, 0.99318, 3.11, 0.5, 11.0, 8
7.0, 0.21, 0.42, 5.3, 0.037, 36.0, 123.0, 0.99321, 3.14, 0.52, 10.9, 6
6.4, 0.22, 0.38, 9.1, 0.044, 35.0, 127.0, 0.99326, 2.97, 0.3, 11.0, 7
5.6, 0.42, 0.34, 2.4, 0.022, 34.0, 97.0, 0.98915, 3.22, 0.38, 12.8, 7
7.1, 0.14, 0.33, 1.0, 0.104, 20.0, 54.0, 0.99057, 3.19, 0.64, 11.5, 6
6.4, 0.16, 0.42, 1.0, 0.036, 29.0, 113.0, 0.9908, 3.18, 0.52, 11.0, 6
6.6, 0.34, 0.24, 3.3, 0.034, 29.0, 99.0, 0.99031, 3.1, 0.4, 12.3, 7
6.7, 0.21, 0.36, 8.55, 0.02, 20.0, 86.0, 0.99146, 3.19, 0.22, 13.4, 7
7.1, 0.26, 0.37, 5.5, 0.025, 31.0, 105.0, 0.99082, 3.06, 0.33, 12.6, 8
7.4, 0.19, 0.31, 14.5, 0.045, 39.0, 193.0, 0.9986, 3.1, 0.5, 9.2, 6
7.4, 0.19, 0.31, 14.5, 0.045, 39.0, 193.0, 0.9986, 3.1, 0.5, 9.2, 6
8.1, 0.24, 0.32, 10.5, 0.03, 34.0, 105.0, 0.99407, 3.11, 0.42, 11.8, 6
6.4, 0.15, 0.29, 1.8, 0.044, 21.0, 115.0, 0.99166, 3.1, 0.38, 10.2, 5
6.4, 0.23, 0.32, 1.9, 0.038, 40.0, 118.0, 0.99074, 3.32, 0.53, 11.8, 7
7.3, 0.25, 0.28, 1.5, 0.043, 19.0, 113.0, 0.99338, 3.38, 0.56, 10.1, 6
6.6, 0.28, 0.42, 8.2, 0.044, 60.0, 196.0, 0.99562, 3.14, 0.48, 9.4, 5
6.5, 0.25, 0.5, 7.6, 0.047, 54.0, 184.0, 0.99572, 3.17, 0.45, 9.2, 5
7.8, 0.25, 0.37, 1.0, 0.043, 10.0, 80.0, 0.99128, 3.08, 0.38, 11.4, 5
5.6, 0.12, 0.33, 2.9, 0.044, 21.0, 73.0, 0.98896, 3.17, 0.32, 12.9, 8
6.4, 0.35, 0.28, 12.6, 0.039, 19.0, 124.0, 0.99539, 3.2, 0.43, 10.6, 6
6.0, 0.19, 0.29, 1.1, 0.047, 67.0, 152.0, 0.9916, 3.54, 0.59, 11.1, 7
5.7, 0.26, 0.3, 1.8, 0.039, 30.0, 105.0, 0.98995, 3.48, 0.52, 12.5, 7
7.1, 0.17, 0.31, 1.6, 0.037, 15.0, 103.0, 0.991, 3.14, 0.5, 12.0, 6
6.4, 0.24, 0.29, 1.0, 0.038, 18.0, 122.0, 0.9906, 3.3, 0.42, 11.5, 5
7.2, 0.22, 0.28, 7.2, 0.06, 41.0, 132.0, 0.9935, 3.08, 0.59, 11.3, 6
6.0, 0.22, 0.28, 1.1, 0.034, 47.0, 90.0, 0.98862, 3.22, 0.38, 12.6, 6
5.9, 0.2, 0.28, 12.8, 0.038, 29.0, 132.0, 0.99426, 3.31, 0.57, 11.8, 7
6.8, 0.2, 0.28, 12.6, 0.048, 54.0, 136.0, 0.99556, 3.19, 0.37, 10.7, 6
7.2, 0.22, 0.28, 7.2, 0.06, 41.0, 132.0, 0.9935, 3.08, 0.59, 11.3, 6
6.0, 0.2, 0.26, 1.1, 0.033, 38.0, 67.0, 0.98954, 3.14, 0.38, 11.5, 6
6.6, 0.18, 0.28, 1.7, 0.041, 53.0, 161.0, 0.99207, 3.13, 0.45, 10.2, 6
7.0, 0.22, 0.28, 10.6, 0.039, 32.0, 117.0, 0.99355, 3.05, 0.55, 11.5, 7
6.9, 0.28, 0.24, 2.1, 0.034, 49.0, 121.0, 0.98882, 2.98, 0.43, 13.2, 7
6.9, 0.29, 0.3, 8.2, 0.026, 35.0, 112.0, 0.99144, 3.0, 0.37, 12.3, 6
6.5, 0.25, 0.45, 7.8, 0.048, 52.0, 188.0, 0.99576, 3.2, 0.53, 9.1, 5
5.6, 0.32, 0.33, 7.4, 0.037, 25.0, 95.0, 0.99268, 3.25, 0.49, 11.1, 6
7.7, 0.46, 0.18, 3.3, 0.054, 18.0, 143.0, 0.99392, 3.12, 0.51, 10.8, 6
6.1, 0.33, 0.32, 7.8, 0.052, 52.0, 183.0, 0.99657, 3.39, 0.65, 9.5, 5
6.1, 0.3, 0.3, 2.1, 0.031, 50.0, 163.0, 0.9895, 3.39, 0.43, 12.7, 7
6.7, 0.64, 0.3, 1.2, 0.03, 18.0, 76.0, 0.9892, 3.16, 0.6, 12.9, 4
6.4, 0.32, 0.27, 4.9, 0.034, 18.0, 122.0, 0.9916, 3.36, 0.71, 12.5, 6
5.8, 0.24, 0.26, 10.05, 0.039, 63.0, 162.0, 0.99375, 3.33, 0.5, 11.2, 6
6.9, 0.24, 0.23, 7.1, 0.041, 20.0, 97.0, 0.99246, 3.1, 0.85, 11.4, 6
6.8, 0.17, 0.32, 1.4, 0.04, 35.0, 106.0, 0.99026, 3.16, 0.66, 12.0, 5
7.1, 0.25, 0.28, 1.2, 0.04, 31.0, 111.0, 0.99174, 3.18, 0.53, 11.1, 5
8.0, 0.24, 0.48, 6.8, 0.047, 13.0, 134.0, 0.99616, 3.23, 0.7, 10.0, 5
5.6, 0.34, 0.3, 6.9, 0.038, 23.0, 89.0, 0.99266, 3.25, 0.49, 11.1, 6
6.0, 0.39, 0.13, 1.2, 0.042, 60.0, 172.0, 0.99114, 3.06, 0.52, 10.6, 5
7.6, 0.22, 0.28, 12.0, 0.056, 68.0, 143.0, 0.9983, 2.99, 0.3, 9.2, 6
6.8, 0.17, 0.34, 2.0, 0.04, 38.0, 111.0, 0.99, 3.24, 0.45, 12.9, 6
6.7, 0.24, 0.3, 3.85, 0.042, 105.0, 179.0, 0.99189, 3.04, 0.59, 11.3, 8
6.8, 0.19, 0.4, 9.85, 0.055, 41.0, 103.0, 0.99532, 2.98, 0.56, 10.5, 6
7.6, 0.31, 0.24, 1.8, 0.037, 39.0, 150.0, 0.9913, 3.05, 0.44, 11.8, 7
5.8, 0.22, 0.3, 1.1, 0.047, 36.0, 131.0, 0.992, 3.26, 0.45, 10.4, 5
5.4, 0.45, 0.27, 6.4, 0.033, 20.0, 102.0, 0.98944, 3.22, 0.27, 13.4, 8
6.9, 0.28, 0.33, 1.2, 0.039, 16.0, 98.0, 0.9904, 3.07, 0.39, 11.7, 6
8.0, 0.2, 0.44, 1.0, 0.057, 24.0, 111.0, 0.99158, 3.09, 0.32, 11.2, 6
7.7, 0.43, 1.0, 19.95, 0.032, 42.0, 164.0, 0.99742, 3.29, 0.5, 12.0, 6
6.4, 0.3, 0.36, 2.0, 0.052, 18.0, 141.0, 0.99273, 3.38, 0.53, 10.5, 6
6.7, 0.29, 0.45, 14.3, 0.054, 30.0, 181.0, 0.99869, 3.14, 0.57, 9.1, 5
7.0, 0.22, 0.24, 11.0, 0.041, 75.0, 167.0, 0.99508, 2.98, 0.56, 10.5, 6
7.9, 0.35, 0.28, 12.9, 0.032, 13.0, 63.0, 0.9932, 2.99, 0.43, 13.0, 6
6.8, 0.19, 0.33, 1.3, 0.031, 22.0, 87.0, 0.98987, 3.08, 0.62, 12.3, 7
6.9, 0.33, 0.62, 7.5, 0.038, 46.0, 132.0, 0.99143, 3.23, 0.43, 13.4, 7
6.0, 0.23, 0.15, 9.7, 0.048, 101.0, 207.0, 0.99571, 3.05, 0.3, 9.1, 5
6.9, 0.75, 0.13, 6.3, 0.036, 19.0, 50.0, 0.99312, 3.09, 0.25, 11.1, 4
6.6, 0.22, 0.3, 14.7, 0.045, 50.0, 136.0, 0.99704, 3.14, 0.37, 10.6, 6
7.2, 0.31, 0.35, 7.2, 0.046, 45.0, 178.0, 0.9955, 3.14, 0.53, 9.7, 5
6.2, 0.27, 0.47, 1.2, 0.146, 28.0, 105.0, 0.99224, 3.23, 0.51, 10.1, 5
6.5, 0.28, 0.25, 4.8, 0.029, 54.0, 128.0, 0.99074, 3.17, 0.44, 12.2, 7
7.0, 0.48, 0.12, 4.5, 0.05, 23.0, 86.0, 0.99398, 2.86, 0.35, 9.0, 5
7.0, 0.48, 0.12, 4.5, 0.05, 23.0, 86.0, 0.99398, 2.86, 0.35, 9.0, 5
6.6, 0.64, 0.28, 4.4, 0.032, 19.0, 78.0, 0.99036, 3.11, 0.62, 12.9, 6
7.6, 0.38, 0.28, 4.2, 0.029, 7.0, 112.0, 0.9906, 3.0, 0.41, 12.6, 6
8.0, 0.25, 0.27, 9.7, 0.036, 15.0, 85.0, 0.99406, 2.99, 0.36, 11.2, 6
7.0, 0.24, 0.35, 1.0, 0.032, 42.0, 104.0, 0.98988, 3.16, 0.37, 11.7, 7
6.8, 0.19, 0.71, 17.5, 0.042, 21.0, 114.0, 0.99784, 2.85, 0.5, 9.5, 6
6.6, 0.295, 0.24, 1.6, 0.039, 29.0, 140.0, 0.99304, 3.35, 0.61, 10.4, 7
7.0, 0.16, 0.25, 14.3, 0.044, 27.0, 149.0, 0.998, 2.91, 0.46, 9.2, 6
7.0, 0.16, 0.25, 14.3, 0.044, 27.0, 149.0, 0.998, 2.91, 0.46, 9.2, 6
6.4, 0.38, 0.24, 7.2, 0.047, 41.0, 151.0, 0.99604, 3.11, 0.6, 9.2, 5
6.8, 0.45, 0.28, 26.05, 0.031, 27.0, 122.0, 1.00295, 3.06, 0.42, 10.6, 6
6.4, 0.38, 0.2, 5.3, 0.117, 57.0, 181.0, 0.99459, 3.24, 0.43, 9.5, 6
6.6, 0.3, 0.25, 8.0, 0.036, 21.0, 124.0, 0.99362, 3.06, 0.38, 10.8, 6
6.6, 0.3, 0.25, 8.0, 0.036, 21.0, 124.0, 0.99362, 3.06, 0.38, 10.8, 6
6.0, 0.25, 0.4, 5.7, 0.052, 56.0, 152.0, 0.99398, 3.16, 0.88, 10.5, 6
5.9, 0.18, 0.28, 5.1, 0.039, 50.0, 139.0, 0.99165, 3.16, 0.44, 11.3, 6
5.4, 0.53, 0.16, 2.7, 0.036, 34.0, 128.0, 0.98856, 3.2, 0.53, 13.2, 8
6.5, 0.26, 0.31, 1.3, 0.034, 59.0, 145.0, 0.98944, 3.16, 0.54, 12.4, 6
5.8, 0.32, 0.28, 4.3, 0.032, 46.0, 115.0, 0.98946, 3.16, 0.57, 13.0, 8
6.2, 0.21, 0.18, 11.6, 0.044, 61.0, 155.0, 0.99655, 3.14, 0.52, 9.4, 6
6.6, 0.34, 0.2, 1.0, 0.053, 26.0, 112.0, 0.99336, 3.32, 0.55, 9.1, 5
6.8, 0.31, 0.3, 8.0, 0.028, 33.0, 122.0, 0.99164, 3.13, 0.63, 12.6, 7
7.1, 0.2, 0.27, 9.6, 0.037, 19.0, 105.0, 0.99444, 3.04, 0.37, 10.5, 7
7.5, 0.24, 0.31, 13.1, 0.05, 26.0, 180.0, 0.99884, 3.05, 0.53, 9.1, 6
6.7, 0.34, 0.43, 1.6, 0.041, 29.0, 114.0, 0.99014, 3.23, 0.44, 12.6, 6
6.5, 0.35, 0.38, 7.4, 0.036, 20.0, 196.0, 0.99712, 3.47, 0.48, 9.1, 6
6.2, 0.2, 0.33, 5.4, 0.028, 21.0, 75.0, 0.99012, 3.36, 0.41, 13.5, 7
6.1, 0.22, 0.46, 1.8, 0.16, 34.0, 74.0, 0.9884, 3.19, 0.33, 13.4, 6
7.0, 0.15, 0.28, 14.7, 0.051, 29.0, 149.0, 0.99792, 2.96, 0.39, 9.0, 7
7.0, 0.15, 0.28, 14.7, 0.051, 29.0, 149.0, 0.99792, 2.96, 0.39, 9.0, 7
5.4, 0.46, 0.15, 2.1, 0.026, 29.0, 130.0, 0.98953, 3.39, 0.77, 13.4, 8
7.8, 0.19, 0.32, 7.4, 0.015, 47.0, 124.0, 0.99278, 2.99, 0.39, 11.0, 6
6.9, 0.4, 0.17, 12.9, 0.033, 59.0, 186.0, 0.99754, 3.08, 0.49, 9.4, 5
7.4, 0.27, 0.31, 2.4, 0.014, 15.0, 143.0, 0.99094, 3.03, 0.65, 12.0, 4
6.3, 0.24, 0.29, 13.7, 0.035, 53.0, 134.0, 0.99567, 3.17, 0.38, 10.6, 6
6.4, 0.27, 0.45, 8.3, 0.05, 52.0, 196.0, 0.9955, 3.18, 0.48, 9.5, 5
7.9, 0.21, 0.39, 2.0, 0.057, 21.0, 138.0, 0.99176, 3.05, 0.52, 10.9, 5
7.0, 0.3, 0.28, 2.2, 0.042, 21.0, 177.0, 0.99166, 3.2, 0.57, 11.4, 5
8.3, 0.18, 0.3, 1.1, 0.033, 20.0, 57.0, 0.99109, 3.02, 0.51, 11.0, 6
5.1, 0.35, 0.26, 6.8, 0.034, 36.0, 120.0, 0.99188, 3.38, 0.4, 11.5, 6
5.1, 0.35, 0.26, 6.8, 0.034, 36.0, 120.0, 0.99188, 3.38, 0.4, 11.5, 6
6.2, 0.31, 0.23, 3.3, 0.052, 34.0, 113.0, 0.99429, 3.16, 0.48, 8.4, 5
6.5, 0.41, 0.22, 4.8, 0.052, 49.0, 142.0, 0.9946, 3.14, 0.62, 9.2, 5
6.7, 0.37, 0.25, 2.5, 0.028, 24.0, 84.0, 0.9909, 3.14, 0.36, 11.7, 6
7.5, 0.26, 0.31, 1.6, 0.032, 36.0, 109.0, 0.99044, 2.97, 0.43, 11.9, 6
6.4, 0.32, 0.23, 16.2, 0.055, 36.0, 176.0, 0.9986, 3.26, 0.54, 9.1, 5
6.7, 0.24, 0.32, 9.0, 0.023, 20.0, 109.0, 0.99262, 3.34, 0.35, 12.6, 6
5.9, 0.18, 0.29, 4.6, 0.032, 68.0, 137.0, 0.99159, 3.21, 0.38, 11.3, 6
7.3, 0.25, 0.26, 7.2, 0.048, 52.0, 207.0, 0.99587, 3.12, 0.37, 9.2, 5
6.6, 0.39, 0.22, 4.0, 0.038, 17.0, 98.0, 0.99018, 3.25, 0.53, 13.0, 7
6.1, 0.22, 0.28, 16.55, 0.059, 54.0, 135.0, 0.99665, 3.2, 0.38, 10.5, 5
7.1, 0.28, 0.31, 1.5, 0.053, 20.0, 98.0, 0.99069, 3.15, 0.5, 11.4, 5
6.0, 0.28, 0.24, 17.8, 0.047, 42.0, 111.0, 0.99896, 3.1, 0.45, 8.9, 6
7.2, 0.24, 0.36, 2.0, 0.029, 21.0, 63.0, 0.99076, 3.13, 0.63, 12.5, 6
6.8, 0.33, 0.31, 7.4, 0.045, 34.0, 143.0, 0.99226, 3.06, 0.55, 12.2, 6
7.2, 0.24, 0.36, 2.0, 0.029, 21.0, 63.0, 0.99076, 3.13, 0.63, 12.5, 6
6.2, 0.27, 0.26, 12.1, 0.046, 43.0, 127.0, 0.9951, 3.16, 0.37, 10.8, 6
6.4, 0.38, 0.26, 8.2, 0.043, 28.0, 98.0, 0.99234, 2.99, 0.31, 11.4, 6
4.8, 0.65, 0.12, 1.1, 0.013, 4.0, 10.0, 0.99246, 3.32, 0.36, 13.5, 4
6.7, 0.31, 0.3, 2.4, 0.038, 30.0, 83.0, 0.98867, 3.09, 0.36, 12.8, 7
6.2, 0.39, 0.24, 4.8, 0.037, 45.0, 138.0, 0.99174, 3.23, 0.43, 11.2, 7
6.5, 0.33, 0.3, 3.8, 0.036, 34.0, 88.0, 0.99028, 3.25, 0.63, 12.5, 7
6.2, 0.39, 0.24, 4.8, 0.037, 45.0, 138.0, 0.99174, 3.23, 0.43, 11.2, 7
7.1, 0.37, 0.3, 6.2, 0.04, 49.0, 139.0, 0.99021, 3.17, 0.27, 13.6, 6
7.4, 0.25, 0.37, 2.6, 0.05, 24.0, 132.0, 0.99138, 3.04, 0.53, 11.2, 6
7.3, 0.36, 0.34, 14.8, 0.057, 46.0, 173.0, 0.99751, 3.14, 0.57, 10.2, 5
8.6, 0.31, 0.3, 0.9, 0.045, 16.0, 109.0, 0.99249, 2.95, 0.39, 10.1, 5
8.2, 0.18, 0.38, 1.1, 0.04, 41.0, 92.0, 0.99062, 2.88, 0.6, 12.0, 6
6.9, 0.4, 0.37, 8.9, 0.053, 36.0, 148.0, 0.996, 3.16, 0.5, 9.3, 5
6.2, 0.27, 0.32, 6.3, 0.048, 47.0, 159.0, 0.99282, 3.21, 0.6, 11.0, 6
7.0, 0.16, 0.3, 2.6, 0.043, 34.0, 90.0, 0.99047, 2.88, 0.47, 11.2, 6
6.4, 0.17, 0.3, 2.8, 0.034, 33.0, 125.0, 0.99152, 3.03, 0.49, 10.4, 6
6.7, 0.18, 0.31, 10.6, 0.035, 42.0, 143.0, 0.99572, 3.08, 0.49, 9.8, 7
6.4, 0.17, 0.3, 2.8, 0.034, 33.0, 125.0, 0.99152, 3.03, 0.49, 10.4, 6
6.5, 0.29, 0.52, 7.9, 0.049, 35.0, 192.0, 0.99551, 3.16, 0.51, 9.5, 6
7.0, 0.32, 0.29, 7.6, 0.025, 35.0, 124.0, 0.99162, 3.15, 0.65, 12.8, 7
6.8, 0.11, 0.27, 8.6, 0.044, 45.0, 104.0, 0.99454, 3.2, 0.37, 9.9, 6
7.3, 0.23, 0.41, 14.6, 0.048, 73.0, 223.0, 0.99863, 3.16, 0.71, 9.4, 6
6.9, 0.2, 0.41, 1.1, 0.06, 36.0, 104.0, 0.99317, 2.99, 0.39, 9.2, 5
6.4, 0.24, 0.49, 5.8, 0.053, 25.0, 120.0, 0.9942, 3.01, 0.98, 10.5, 6
6.4, 0.24, 0.49, 5.8, 0.053, 25.0, 120.0, 0.9942, 3.01, 0.98, 10.5, 6
6.5, 0.46, 0.24, 11.5, 0.051, 56.0, 171.0, 0.99588, 3.08, 0.56, 9.8, 6
6.8, 0.27, 0.22, 17.8, 0.034, 16.0, 116.0, 0.9989, 3.07, 0.53, 9.2, 5
7.3, 0.33, 0.22, 1.4, 0.041, 40.0, 177.0, 0.99287, 3.14, 0.48, 9.9, 5
6.1, 1.1, 0.16, 4.4, 0.033, 8.0, 109.0, 0.99058, 3.35, 0.47, 12.4, 4
7.4, 0.16, 0.27, 15.5, 0.05, 25.0, 135.0, 0.9984, 2.9, 0.43, 8.7, 7
6.6, 0.17, 0.36, 1.9, 0.036, 38.0, 110.0, 0.99056, 3.05, 0.54, 11.4, 6
6.9, 0.19, 0.35, 13.5, 0.038, 49.0, 118.0, 0.99546, 3.0, 0.63, 10.7, 6
6.1, 0.17, 0.21, 1.9, 0.09, 44.0, 130.0, 0.99255, 3.07, 0.41, 9.7, 5
7.1, 0.44, 0.27, 8.4, 0.057, 60.0, 160.0, 0.99257, 3.16, 0.36, 11.8, 6
7.6, 0.26, 0.32, 1.3, 0.048, 23.0, 76.0, 0.9903, 2.96, 0.46, 12.0, 6
5.7, 0.25, 0.26, 12.5, 0.049, 52.5, 120.0, 0.99691, 3.08, 0.45, 9.4, 6
6.2, 0.3, 0.32, 1.2, 0.052, 32.0, 185.0, 0.99266, 3.28, 0.44, 10.1, 5
7.0, 0.2, 0.4, 1.1, 0.058, 30.0, 93.0, 0.99322, 3.03, 0.38, 9.2, 6
6.5, 0.21, 0.42, 1.1, 0.059, 33.0, 101.0, 0.9927, 3.12, 0.38, 9.7, 6
8.0, 0.25, 0.35, 1.1, 0.054, 13.0, 136.0, 0.99366, 3.08, 0.55, 9.5, 5
6.4, 0.5, 0.2, 2.4, 0.059, 19.0, 112.0, 0.99314, 3.18, 0.4, 9.2, 6
6.9, 0.37, 0.23, 9.5, 0.057, 54.0, 166.0, 0.99568, 3.23, 0.42, 10.0, 5
5.5, 0.21, 0.25, 1.2, 0.04, 18.0, 75.0, 0.99006, 3.31, 0.56, 11.3, 6
6.1, 0.17, 0.29, 1.1, 0.041, 32.0, 92.0, 0.99036, 3.26, 0.57, 11.2, 6
6.2, 0.35, 0.2, 18.1, 0.069, 33.0, 158.0, 0.99908, 3.15, 0.5, 8.8, 6
6.5, 0.4, 0.31, 3.5, 0.046, 22.0, 147.0, 0.99024, 3.15, 0.31, 12.0, 7
6.3, 0.23, 0.22, 17.45, 0.054, 42.0, 151.0, 0.99853, 3.12, 0.6, 9.3, 6
6.6, 0.44, 0.32, 3.0, 0.095, 13.0, 75.0, 0.98954, 3.1, 0.63, 12.8, 6
6.7, 0.31, 0.34, 6.8, 0.059, 51.0, 215.0, 0.99538, 3.33, 0.56, 10.3, 5
6.3, 0.34, 0.31, 6.0, 0.02, 18.0, 68.0, 0.98981, 3.22, 0.29, 13.4, 7
6.8, 0.29, 0.32, 1.8, 0.032, 18.0, 130.0, 0.99095, 3.05, 0.62, 11.2, 6
7.4, 0.31, 0.26, 8.6, 0.048, 47.0, 206.0, 0.9964, 3.26, 0.36, 9.1, 5
7.6, 0.48, 0.31, 9.4, 0.046, 6.0, 194.0, 0.99714, 3.07, 0.61, 9.4, 5
6.2, 0.2, 0.25, 15.0, 0.055, 8.0, 120.0, 0.99767, 3.19, 0.53, 9.6, 6
6.1, 0.3, 0.47, 1.4, 0.049, 50.0, 187.0, 0.9927, 3.19, 0.45, 9.5, 5
7.0, 0.31, 0.35, 1.6, 0.063, 13.0, 119.0, 0.99184, 3.22, 0.5, 10.7, 5
6.3, 0.17, 0.32, 1.0, 0.04, 39.0, 118.0, 0.98886, 3.31, 0.4, 13.1, 8
7.4, 0.16, 0.3, 13.7, 0.056, 33.0, 168.0, 0.99825, 2.9, 0.44, 8.7, 7
6.8, 0.34, 0.27, 5.2, 0.06, 14.0, 169.0, 0.99252, 3.27, 0.57, 11.6, 6
6.8, 0.24, 0.33, 3.2, 0.049, 68.0, 161.0, 0.99324, 3.1, 0.69, 10.2, 6
6.4, 0.25, 0.33, 1.7, 0.037, 35.0, 113.0, 0.99164, 3.23, 0.66, 10.6, 6
6.2, 0.3, 0.3, 2.5, 0.041, 29.0, 82.0, 0.99065, 3.31, 0.61, 11.8, 7
6.9, 0.24, 0.4, 15.4, 0.052, 81.0, 198.0, 0.9986, 3.2, 0.69, 9.4, 5
7.0, 0.22, 0.3, 1.4, 0.04, 14.0, 63.0, 0.98985, 3.2, 0.33, 12.0, 6
7.8, 0.27, 0.35, 1.2, 0.05, 36.0, 140.0, 0.99138, 3.09, 0.45, 11.2, 5
6.7, 0.41, 0.27, 2.6, 0.033, 25.0, 85.0, 0.99086, 3.05, 0.34, 11.7, 6
6.2, 0.3, 0.32, 1.3, 0.054, 27.0, 183.0, 0.99266, 3.3, 0.43, 10.1, 5
6.7, 0.41, 0.27, 2.6, 0.033, 25.0, 85.0, 0.99086, 3.05, 0.34, 11.7, 6
6.1, 0.25, 0.3, 1.2, 0.036, 42.0, 107.0, 0.991, 3.34, 0.56, 10.8, 7
6.6, 0.31, 0.37, 6.2, 0.052, 13.0, 164.0, 0.99602, 3.24, 0.39, 8.8, 4
6.1, 0.38, 0.14, 3.9, 0.06, 27.0, 113.0, 0.99344, 3.07, 0.34, 9.2, 4
5.3, 0.43, 0.11, 1.1, 0.029, 6.0, 51.0, 0.99076, 3.51, 0.48, 11.2, 4
5.2, 0.2, 0.27, 3.2, 0.047, 16.0, 93.0, 0.99235, 3.44, 0.53, 10.1, 7
6.3, 0.22, 0.3, 2.0, 0.05, 23.0, 120.0, 0.99204, 3.24, 0.47, 10.4, 6
6.4, 0.29, 0.18, 15.0, 0.04, 21.0, 116.0, 0.99736, 3.14, 0.5, 9.2, 5
6.5, 0.26, 0.24, 10.8, 0.042, 47.0, 130.0, 0.996, 3.08, 0.4, 10.1, 6
6.4, 0.27, 0.29, 3.9, 0.034, 62.0, 140.0, 0.99237, 3.1, 0.59, 11.1, 6
6.8, 0.26, 0.26, 2.0, 0.019, 23.5, 72.0, 0.99041, 3.16, 0.47, 11.8, 6
7.6, 0.36, 0.48, 13.5, 0.038, 44.0, 116.0, 0.9982, 3.04, 0.48, 9.2, 5
6.7, 0.11, 0.26, 14.8, 0.053, 44.0, 95.0, 0.99676, 3.2, 0.35, 9.8, 6
6.0, 0.33, 0.26, 5.1, 0.051, 16.0, 119.0, 0.99416, 3.15, 0.41, 9.2, 5
5.8, 0.32, 0.23, 1.5, 0.033, 39.0, 121.0, 0.9887, 2.96, 0.35, 12.0, 5
5.8, 0.2, 0.16, 1.4, 0.042, 44.0, 99.0, 0.98912, 3.23, 0.37, 12.2, 6
5.7, 0.22, 0.2, 16.0, 0.044, 41.0, 113.0, 0.99862, 3.22, 0.46, 8.9, 6
7.2, 0.22, 0.35, 5.5, 0.054, 37.0, 183.0, 0.99474, 3.08, 0.5, 10.3, 5
6.0, 0.2, 0.26, 6.8, 0.049, 22.0, 93.0, 0.9928, 3.15, 0.42, 11.0, 6
7.2, 0.21, 0.36, 15.7, 0.045, 68.0, 183.0, 0.99922, 3.25, 0.76, 9.4, 5
7.4, 0.22, 0.28, 9.0, 0.046, 22.0, 121.0, 0.99468, 3.1, 0.55, 10.8, 5
7.2, 0.21, 0.36, 15.7, 0.045, 68.0, 183.0, 0.99922, 3.25, 0.76, 9.4, 5
6.9, 0.22, 0.32, 5.8, 0.041, 20.0, 119.0, 0.99296, 3.17, 0.55, 11.2, 6
5.6, 0.26, 0.0, 10.2, 0.038, 13.0, 111.0, 0.99315, 3.44, 0.46, 12.4, 6
6.3, 0.28, 0.3, 6.6, 0.208, 60.0, 154.0, 0.99478, 3.1, 0.4, 9.4, 6
7.1, 0.39, 0.39, 11.1, 0.034, 25.0, 204.0, 0.99616, 3.05, 0.52, 10.0, 6
6.5, 0.22, 0.27, 1.6, 0.039, 36.0, 116.0, 0.99178, 3.38, 0.57, 11.0, 7
6.3, 0.41, 0.22, 7.3, 0.035, 23.0, 117.0, 0.99172, 3.2, 0.39, 11.94, 7
6.4, 0.26, 0.35, 7.7, 0.056, 45.0, 191.0, 0.99527, 3.16, 0.5, 9.5, 5
5.9, 0.2, 0.28, 1.0, 0.043, 45.0, 100.0, 0.99033, 3.4, 0.41, 11.4, 6
6.4, 0.24, 0.26, 8.2, 0.054, 47.0, 182.0, 0.99538, 3.12, 0.5, 9.5, 5
7.3, 0.19, 0.27, 13.9, 0.057, 45.0, 155.0, 0.99807, 2.94, 0.41, 8.8, 8
7.4, 0.27, 0.52, 15.7, 0.054, 36.0, 139.0, 0.99788, 3.04, 0.62, 10.0333333333333, 6
6.4, 0.31, 0.28, 2.5, 0.039, 34.0, 137.0, 0.98946, 3.22, 0.38, 12.7, 6
6.5, 0.3, 0.28, 11.45, 0.041, 29.0, 109.0, 0.99418, 2.98, 0.3, 10.9, 6
6.4, 0.3, 0.27, 5.0, 0.058, 27.0, 151.0, 0.99198, 3.22, 0.49, 12.2, 6
6.4, 0.26, 0.21, 8.2, 0.05, 51.0, 182.0, 0.99542, 3.23, 0.48, 9.5, 5
7.1, 0.21, 0.33, 1.2, 0.039, 34.0, 97.0, 0.99112, 3.11, 0.75, 11.2, 6
6.7, 0.26, 0.29, 7.1, 0.036, 28.0, 100.0, 0.99534, 3.08, 0.36, 9.3, 6
6.2, 0.25, 0.44, 15.8, 0.057, 39.0, 167.0, 0.99804, 3.14, 0.51, 9.2, 5
7.3, 0.22, 0.37, 15.5, 0.048, 70.0, 203.0, 0.99899, 3.25, 0.77, 9.4, 5
6.4, 0.18, 0.28, 17.05, 0.047, 53.0, 139.0, 0.99724, 3.25, 0.35, 10.5, 6
7.4, 0.27, 0.26, 11.8, 0.053, 55.0, 173.0, 0.99699, 3.11, 0.6, 9.8, 5
6.3, 0.29, 0.29, 3.3, 0.037, 32.0, 140.0, 0.9895, 3.17, 0.36, 12.8, 7
6.3, 0.29, 0.29, 3.3, 0.037, 32.0, 140.0, 0.9895, 3.17, 0.36, 12.8, 7
6.2, 0.22, 0.28, 2.2, 0.04, 24.0, 125.0, 0.9917, 3.19, 0.48, 10.5, 6
6.2, 0.22, 0.28, 2.2, 0.04, 24.0, 125.0, 0.9917, 3.19, 0.48, 10.5, 6
7.2, 0.47, 0.16, 5.9, 0.048, 14.0, 125.0, 0.99428, 3.09, 0.49, 9.8, 5
6.7, 0.34, 0.31, 16.4, 0.051, 20.0, 146.0, 0.99834, 3.06, 0.54, 9.1, 5
4.4, 0.46, 0.1, 2.8, 0.024, 31.0, 111.0, 0.98816, 3.48, 0.34, 13.1, 6
6.6, 0.38, 0.29, 2.9, 0.035, 15.0, 101.0, 0.98916, 3.04, 0.37, 12.5, 6
6.9, 0.29, 0.25, 12.2, 0.04, 29.0, 136.0, 0.99552, 3.05, 0.65, 10.4, 6
6.0, 0.28, 0.29, 19.3, 0.051, 36.0, 174.0, 0.99911, 3.14, 0.5, 9.0, 5
6.0, 0.28, 0.29, 19.3, 0.051, 36.0, 174.0, 0.99911, 3.14, 0.5, 9.0, 5
5.9, 0.22, 0.18, 6.4, 0.041, 28.0, 120.0, 0.99403, 3.27, 0.5, 9.9, 5
7.7, 0.28, 0.24, 2.4, 0.044, 29.0, 157.0, 0.99312, 3.27, 0.56, 10.6, 6
6.7, 0.32, 0.32, 1.7, 0.031, 31.0, 114.0, 0.98946, 3.12, 0.35, 12.5, 6
6.0, 0.2, 0.38, 1.3, 0.034, 37.0, 104.0, 0.98865, 3.11, 0.52, 12.7, 6
5.8, 0.555, 0.26, 4.5, 0.053, 17.0, 126.0, 0.9943, 3.24, 0.46, 9.1, 5
6.8, 0.31, 0.25, 10.5, 0.043, 30.0, 165.0, 0.9972, 3.36, 0.55, 10.55, 6
6.8, 0.23, 0.39, 16.1, 0.053, 71.0, 194.0, 0.9988, 3.18, 0.64, 10.2, 6
6.8, 0.17, 0.17, 5.1, 0.049, 26.0, 82.0, 0.993, 3.0, 0.38, 9.8, 6
9.0, 0.2, 0.33, 3.5, 0.049, 10.0, 40.0, 0.9944, 3.14, 0.36, 9.8, 6
7.3, 0.26, 0.53, 12.7, 0.047, 60.5, 164.5, 0.9984, 3.06, 0.45, 9.1, 6
7.3, 0.28, 0.54, 12.9, 0.049, 62.0, 162.5, 0.9984, 3.06, 0.45, 9.1, 6
5.8, 0.28, 0.3, 3.9, 0.026, 36.0, 105.0, 0.98963, 3.26, 0.58, 12.75, 6
6.5, 0.2, 0.31, 2.1, 0.033, 32.0, 95.0, 0.989435, 2.96, 0.61, 12.0, 6
6.4, 0.46, 0.22, 14.7, 0.047, 51.0, 183.0, 0.998275, 3.39, 0.6, 10.5, 5
5.9, 0.21, 0.23, 7.9, 0.033, 22.0, 130.0, 0.9944, 3.38, 0.59, 10.9, 6
5.4, 0.27, 0.22, 4.6, 0.022, 29.0, 107.0, 0.98889, 3.33, 0.54, 13.8, 6
6.0, 0.26, 0.26, 2.2, 0.035, 10.0, 72.0, 0.989465, 3.11, 0.48, 12.15, 6
5.6, 0.18, 0.3, 10.2, 0.028, 28.0, 131.0, 0.9954, 3.49, 0.42, 10.8, 7
8.6, 0.36, 0.26, 11.1, 0.03, 43.5, 171.0, 0.9948, 3.03, 0.49, 12.0, 5
5.8, 0.28, 0.66, 9.1, 0.039, 26.0, 159.0, 0.9965, 3.66, 0.55, 10.8, 5
6.0, 0.27, 0.26, 1.3, 0.038, 32.0, 138.0, 0.99125, 3.46, 0.43, 11.1, 6
5.9, 0.34, 0.25, 2.0, 0.042, 12.0, 110.0, 0.99034, 3.02, 0.54, 11.4, 6
6.5, 0.36, 0.31, 13.55, 0.053, 20.0, 113.0, 0.99544, 3.2, 0.56, 11.0, 6
8.3, 0.22, 0.34, 1.1, 0.043, 20.0, 116.0, 0.9927, 3.0, 0.47, 10.2, 6
5.0, 0.33, 0.18, 4.6, 0.032, 40.0, 124.0, 0.99114, 3.18, 0.4, 11.0, 6
6.1, 0.44, 0.28, 4.25, 0.032, 43.0, 132.0, 0.9916, 3.26, 0.47, 11.2666666666667, 7
7.3, 0.28, 0.37, 1.2, 0.039, 26.0, 99.0, 0.99198, 3.01, 0.62, 10.8, 5
6.1, 0.44, 0.28, 4.25, 0.032, 43.0, 132.0, 0.9916, 3.26, 0.47, 11.3, 7
7.5, 0.305, 0.38, 1.4, 0.047, 30.0, 95.0, 0.99158, 3.22, 0.52, 11.5, 7
8.3, 0.49, 0.23, 6.65, 0.034, 6.0, 158.0, 0.99344, 3.05, 0.48, 11.2, 5
6.1, 0.19, 0.37, 2.6, 0.041, 24.0, 99.0, 0.99153, 3.18, 0.5, 10.9, 6
6.3, 0.3, 0.91, 8.2, 0.034, 50.0, 199.0, 0.99394, 3.39, 0.49, 11.7, 6
5.7, 0.24, 0.3, 1.3, 0.03, 25.0, 98.0, 0.98968, 3.37, 0.43, 12.4, 7
5.9, 0.18, 0.28, 1.0, 0.037, 24.0, 88.0, 0.99094, 3.29, 0.55, 10.65, 7
5.6, 0.695, 0.06, 6.8, 0.042, 9.0, 84.0, 0.99432, 3.44, 0.44, 10.2, 5
5.7, 0.39, 0.25, 4.9, 0.033, 49.0, 113.0, 0.98966, 3.26, 0.58, 13.1, 7
6.1, 0.38, 0.47, 1.4, 0.051, 59.0, 210.0, 0.99309, 3.24, 0.5, 9.6, 5
6.6, 0.25, 0.25, 1.3, 0.04, 28.0, 85.0, 0.98984, 2.87, 0.48, 11.2, 6
5.9, 0.44, 0.33, 1.2, 0.049, 12.0, 117.0, 0.99134, 3.46, 0.44, 11.5, 5
4.9, 0.335, 0.14, 1.3, 0.036, 69.0, 168.0, 0.99212, 3.47, 0.46, 10.4666666666667, 5
5.7, 0.21, 0.37, 4.5, 0.04, 58.0, 140.0, 0.99332, 3.29, 0.62, 10.6, 6
6.8, 0.63, 0.04, 1.3, 0.058, 25.0, 133.0, 0.99271, 3.17, 0.39, 10.2, 4
6.7, 0.16, 0.32, 12.5, 0.035, 18.0, 156.0, 0.99666, 2.88, 0.36, 9.0, 6
6.9, 0.19, 0.31, 19.25, 0.043, 38.0, 167.0, 0.99954, 2.93, 0.52, 9.1, 7
6.7, 0.35, 0.32, 9.0, 0.032, 29.0, 113.0, 0.99188, 3.13, 0.65, 12.9, 7
6.8, 0.3, 0.33, 12.8, 0.041, 60.0, 168.0, 0.99659, 3.1, 0.56, 9.8, 5
6.4, 0.69, 0.09, 7.6, 0.044, 34.0, 144.0, 0.9948, 3.26, 0.38, 10.1, 6
6.3, 0.36, 0.5, 8.3, 0.053, 51.0, 202.0, 0.9955, 3.2, 0.51, 9.6, 6
6.1, 0.22, 0.4, 1.85, 0.031, 25.0, 111.0, 0.98966, 3.03, 0.3, 11.8, 7
7.2, 0.33, 0.28, 1.4, 0.034, 26.0, 109.0, 0.99246, 3.28, 0.57, 10.6, 6
6.1, 0.22, 0.4, 1.85, 0.031, 25.0, 111.0, 0.98966, 3.03, 0.3, 11.8, 7
4.8, 0.225, 0.38, 1.2, 0.074, 47.0, 130.0, 0.99132, 3.31, 0.4, 10.3, 6
6.7, 0.15, 0.32, 7.9, 0.034, 17.0, 81.0, 0.99512, 3.29, 0.31, 10.0, 6
6.9, 0.31, 0.33, 12.7, 0.038, 33.0, 116.0, 0.9954, 3.04, 0.65, 10.4, 6
6.0, 0.14, 0.37, 1.2, 0.032, 63.0, 148.0, 0.99185, 3.32, 0.44, 11.2, 5
6.3, 0.23, 0.5, 10.4, 0.043, 61.0, 132.0, 0.99542, 2.86, 0.46, 9.1, 6
6.6, 0.29, 0.73, 2.2, 0.027, 21.0, 92.0, 0.99, 3.12, 0.48, 12.4, 6
6.0, 0.38, 0.26, 3.5, 0.035, 38.0, 111.0, 0.98872, 3.18, 0.47, 13.6, 7
7.1, 0.24, 0.34, 1.2, 0.045, 6.0, 132.0, 0.99132, 3.16, 0.46, 11.2, 4
5.8, 0.315, 0.19, 19.4, 0.031, 28.0, 106.0, 0.99704, 2.97, 0.4, 10.55, 6
5.8, 0.3, 0.09, 6.3, 0.042, 36.0, 138.0, 0.99382, 3.15, 0.48, 9.7, 5
6.7, 0.3, 0.5, 12.1, 0.045, 38.0, 127.0, 0.9974, 3.04, 0.53, 8.9, 6
6.4, 0.31, 0.31, 12.9, 0.045, 55.0, 161.0, 0.99546, 3.02, 0.59, 10.2, 5
6.9, 0.25, 0.29, 2.4, 0.038, 28.0, 76.0, 0.99088, 3.01, 0.36, 11.7, 7
6.2, 0.26, 0.2, 8.0, 0.047, 35.0, 111.0, 0.99445, 3.11, 0.42, 10.4, 6
5.1, 0.26, 0.34, 6.4, 0.034, 26.0, 99.0, 0.99449, 3.23, 0.41, 9.2, 6
6.0, 0.17, 0.3, 7.3, 0.039, 39.0, 104.0, 0.99252, 2.91, 0.57, 11.0, 6
5.1, 0.26, 0.33, 1.1, 0.027, 46.0, 113.0, 0.98946, 3.35, 0.43, 11.4, 7
5.8, 0.36, 0.5, 1.0, 0.127, 63.0, 178.0, 0.99212, 3.1, 0.45, 9.7, 5
5.7, 0.4, 0.35, 5.1, 0.026, 17.0, 113.0, 0.99052, 3.18, 0.67, 12.4, 6
6.5, 0.28, 0.34, 4.6, 0.054, 22.0, 130.0, 0.99193, 3.2, 0.46, 12.0, 7
6.7, 0.22, 0.33, 1.2, 0.036, 36.0, 86.0, 0.99058, 3.1, 0.76, 11.4, 6
5.9, 0.37, 0.3, 1.5, 0.033, 35.0, 95.0, 0.98986, 3.36, 0.56, 12.0, 7
6.5, 0.28, 0.38, 7.8, 0.031, 54.0, 216.0, 0.99154, 3.03, 0.42, 13.1, 6
6.8, 0.34, 0.36, 8.9, 0.029, 44.0, 128.0, 0.99318, 3.28, 0.35, 11.95, 7
4.8, 0.29, 0.23, 1.1, 0.044, 38.0, 180.0, 0.98924, 3.28, 0.34, 11.9, 6
6.6, 0.38, 0.29, 2.4, 0.136, 15.0, 93.0, 0.99336, 3.18, 0.6, 9.5, 5
5.1, 0.3, 0.3, 2.3, 0.048, 40.0, 150.0, 0.98944, 3.29, 0.46, 12.2, 6
7.0, 0.36, 0.35, 2.5, 0.048, 67.0, 161.0, 0.99146, 3.05, 0.56, 11.1, 6
7.1, 0.23, 0.39, 13.7, 0.058, 26.0, 172.0, 0.99755, 2.9, 0.46, 9.0, 6
7.5, 0.38, 0.33, 9.2, 0.043, 19.0, 116.0, 0.99444, 3.08, 0.42, 11.4, 6
6.4, 0.35, 0.51, 7.8, 0.055, 53.0, 177.0, 0.99502, 3.12, 0.45, 9.6, 5
6.0, 0.52, 0.33, 7.7, 0.046, 24.0, 119.0, 0.99224, 3.04, 0.38, 11.0, 6
6.0, 0.41, 0.23, 1.1, 0.066, 22.0, 148.0, 0.99266, 3.3, 0.47, 9.63333333333333, 5
5.3, 0.6, 0.34, 1.4, 0.031, 3.0, 60.0, 0.98854, 3.27, 0.38, 13.0, 6
6.0, 0.42, 0.41, 12.4, 0.032, 50.0, 179.0, 0.99622, 3.14, 0.6, 9.7, 5
5.7, 0.21, 0.32, 1.6, 0.03, 33.0, 122.0, 0.99044, 3.33, 0.52, 11.9, 6
6.6, 0.34, 0.4, 8.1, 0.046, 68.0, 170.0, 0.99494, 3.15, 0.5, 9.53333333333333, 6
6.2, 0.41, 0.22, 1.9, 0.023, 5.0, 56.0, 0.98928, 3.04, 0.79, 13.0, 7
6.5, 0.23, 0.38, 1.3, 0.032, 29.0, 112.0, 0.99298, 3.29, 0.54, 9.7, 5
6.5, 0.24, 0.19, 1.2, 0.041, 30.0, 111.0, 0.99254, 2.99, 0.46, 9.4, 6
