8.1, 0.28, 0.4, 6.9, 0.05, 30.0, 97.0, 0.9951, 3.26, 0.44, 10.1, 6
7.2, 0.23, 0.32, 8.5, 0.058, 47.0, 186.0, 0.9956, 3.19, 0.4, 9.9, 6
7.4, 0.34, 0.42, 1.1, 0.033, 17.0, 171.0, 0.9917, 3.12, 0.53, 11.3, 6
5.8, 0.27, 0.2, 14.95, 0.044, 22.0, 179.0, 0.9962, 3.37, 0.37, 10.2, 5
6.6, 0.24, 0.27, 1.4, 0.057, 33.0, 152.0, 0.9934, 3.22, 0.56, 9.5, 6
6.2, 0.45, 0.26, 4.4, 0.063, 63.0, 206.0, 0.994, 3.27, 0.52, 9.8, 4
7.2, 0.19, 0.31, 1.6, 0.062, 31.0, 173.0, 0.9917, 3.35, 0.44, 11.7, 6
6.9, 0.25, 0.35, 1.3, 0.039, 29.0, 191.0, 0.9908, 3.13, 0.52, 11.0, 6
7.0, 0.47, 0.07, 1.1, 0.035, 17.0, 151.0, 0.991, 3.02, 0.34, 10.5, 5
7.2, 0.24, 0.27, 1.4, 0.038, 31.0, 122.0, 0.9927, 3.15, 0.46, 10.3, 6
6.7, 0.25, 0.13, 1.2, 0.041, 81.0, 174.0, 0.992, 3.14, 0.42, 9.8, 5
6.7, 0.23, 0.31, 2.1, 0.046, 30.0, 96.0, 0.9926, 3.33, 0.64, 10.7, 8
7.0, 0.32, 0.34, 1.3, 0.042, 20.0, 69.0, 0.9912, 3.31, 0.65, 12.0, 7
6.7, 0.54, 0.28, 5.4, 0.06, 21.0, 105.0, 0.9949, 3.27, 0.37, 9.0, 5
6.8, 0.22, 0.31, 1.4, 0.053, 34.0, 114.0, 0.9929, 3.39, 0.77, 10.6, 6
7.1, 0.34, 0.2, 6.1, 0.063, 47.0, 164.0, 0.9946, 3.17, 0.42, 10.0, 5
7.1, 0.43, 0.61, 11.8, 0.045, 54.0, 155.0, 0.9974, 3.11, 0.45, 8.7, 5
7.5, 0.17, 0.32, 1.7, 0.04, 51.0, 148.0, 0.9916, 3.21, 0.44, 11.5, 7
7.1, 0.26, 0.29, 12.4, 0.044, 62.0, 240.0, 0.9969, 3.04, 0.42, 9.2, 6
6.0, 0.34, 0.66, 15.9, 0.046, 26.0, 164.0, 0.9979, 3.14, 0.5, 8.8, 6
7.1, 0.12, 0.32, 9.6, 0.054, 64.0, 162.0, 0.9962, 3.4, 0.41, 9.4, 5
7.2, 0.31, 0.5, 13.3, 0.056, 68.0, 195.0, 0.9982, 3.01, 0.47, 9.2, 5
6.7, 0.41, 0.34, 9.2, 0.049, 29.0, 150.0, 0.9968, 3.22, 0.51, 9.1, 5
7.9, 0.21, 0.4, 1.2, 0.039, 38.0, 107.0, 0.992, 3.21, 0.54, 10.8, 6
6.3, 0.255, 0.37, 1.1, 0.04, 37.0, 114.0, 0.9905, 3.0, 0.39, 10.9, 6
7.4, 0.24, 0.42, 14.0, 0.066, 48.0, 198.0, 0.9979, 2.89, 0.42, 8.9, 6
7.5, 0.27, 0.31, 17.7, 0.051, 33.0, 173.0, 0.999, 3.09, 0.64, 10.2, 5
5.9, 0.23, 0.3, 12.9, 0.054, 57.0, 170.0, 0.9972, 3.28, 0.39, 9.4, 5
7.1, 0.34, 0.15, 1.2, 0.053, 61.0, 183.0, 0.9936, 3.09, 0.43, 9.2, 5
6.8, 0.26, 0.56, 11.9, 0.043, 64.0, 226.0, 0.997, 3.02, 0.63, 9.3, 5
5.9, 0.3, 0.23, 4.2, 0.038, 42.0, 119.0, 0.9924, 3.15, 0.5, 11.0, 5
6.5, 0.28, 0.28, 8.5, 0.047, 54.0, 210.0, 0.9962, 3.09, 0.54, 8.9, 4
6.8, 0.28, 0.4, 22.0, 0.048, 48.0, 167.0, 1.001, 2.93, 0.5, 8.7, 5
6.6, 0.15, 0.34, 5.1, 0.055, 34.0, 125.0, 0.9942, 3.36, 0.42, 9.6, 5
6.4, 0.29, 0.44, 3.6, 0.2, 75.0, 181.0, 0.9942, 3.02, 0.41, 9.1, 5
6.4, 0.3, 0.45, 3.5, 0.197, 76.0, 180.0, 0.9942, 3.02, 0.39, 9.1, 6
6.8, 0.26, 0.24, 7.8, 0.052, 54.0, 214.0, 0.9961, 3.13, 0.47, 8.9, 5
7.1, 0.32, 0.24, 13.1, 0.05, 52.0, 204.0, 0.998, 3.1, 0.49, 8.8, 5
6.1, 0.4, 0.31, 0.9, 0.048, 23.0, 170.0, 0.993, 3.22, 0.77, 9.5, 6
7.5, 0.23, 0.36, 7.0, 0.036, 43.0, 161.0, 0.9938, 3.04, 0.32, 11.0, 5
6.5, 0.19, 0.3, 0.8, 0.043, 33.0, 144.0, 0.9936, 3.42, 0.39, 9.1, 6
8.2, 0.27, 0.39, 7.8, 0.039, 49.0, 208.0, 0.9976, 3.31, 0.51, 9.5, 6
7.2, 0.23, 0.38, 14.3, 0.058, 55.0, 194.0, 0.9979, 3.09, 0.44, 9.0, 6
6.8, 0.52, 0.32, 13.2, 0.044, 54.0, 221.0, 0.9972, 3.27, 0.5, 9.6, 6
6.1, 0.18, 0.36, 2.0, 0.038, 20.0, 249.5, 0.9923, 3.37, 0.79, 11.3, 6
5.8, 0.36, 0.38, 0.9, 0.037, 3.0, 75.0, 0.9904, 3.28, 0.34, 11.4, 4
6.9, 0.29, 0.4, 19.45, 0.043, 36.0, 156.0, 0.9996, 2.93, 0.47, 8.9, 5
5.4, 0.59, 0.07, 7.0, 0.045, 36.0, 147.0, 0.9944, 3.34, 0.57, 9.7, 6
6.9, 0.32, 0.26, 8.3, 0.053, 32.0, 180.0, 0.9965, 3.25, 0.51, 9.2, 6
6.6, 0.58, 0.3, 5.1, 0.057, 30.0, 123.0, 0.9949, 3.24, 0.38, 9.0, 5
6.1, 0.31, 0.58, 5.0, 0.039, 36.0, 114.0, 0.9909, 3.3, 0.6, 12.3, 8
6.5, 0.28, 0.33, 15.7, 0.053, 51.0, 190.0, 0.9978, 3.22, 0.51, 9.7, 6
7.2, 0.23, 0.39, 14.2, 0.058, 49.0, 192.0, 0.9979, 2.98, 0.48, 9.0, 7
6.7, 0.17, 0.5, 2.1, 0.043, 27.0, 122.0, 0.9923, 3.15, 0.45, 10.3, 6
6.1, 0.36, 0.27, 2.1, 0.035, 16.0, 100.0, 0.9917, 3.4, 0.71, 11.5, 7
5.7, 0.36, 0.21, 6.7, 0.038, 51.0, 166.0, 0.9941, 3.29, 0.63, 10.0, 6
8.3, 0.41, 0.51, 2.0, 0.046, 11.0, 207.0, 0.993, 3.02, 0.55, 11.4, 5
6.4, 0.34, 0.23, 6.3, 0.039, 37.0, 143.0, 0.9944, 3.19, 0.65, 10.0, 6
6.3, 0.23, 0.33, 1.5, 0.036, 15.0, 105.0, 0.991, 3.32, 0.42, 11.2, 6
5.4, 0.29, 0.47, 3.0, 0.052, 47.0, 145.0, 0.993, 3.29, 0.75, 10.0, 6
7.6, 0.17, 0.45, 11.2, 0.054, 56.0, 137.0, 0.997, 3.15, 0.47, 10.0, 5
6.3, 0.12, 0.36, 2.1, 0.044, 47.0, 146.0, 0.9914, 3.27, 0.74, 11.4, 7
7.3, 0.33, 0.4, 6.85, 0.038, 32.0, 138.0, 0.992, 3.03, 0.3, 11.9, 7
10.0, 0.2, 0.39, 1.4, 0.05, 19.0, 152.0, 0.994, 3.0, 0.42, 10.4, 6
6.0, 0.26, 0.32, 3.5, 0.028, 29.0, 113.0, 0.9912, 3.4, 0.71, 12.3, 7
7.1, 0.39, 0.35, 12.5, 0.044, 26.0, 72.0, 0.9941, 3.17, 0.29, 11.6, 5
5.1, 0.33, 0.22, 1.6, 0.027, 18.0, 89.0, 0.9893, 3.51, 0.38, 12.5, 7
7.3, 0.2, 0.44, 1.4, 0.045, 21.0, 98.0, 0.9924, 3.15, 0.46, 10.0, 7
5.0, 0.17, 0.56, 1.5, 0.026, 24.0, 115.0, 0.9906, 3.48, 0.39, 10.8, 7
7.0, 0.3, 0.38, 14.9, 0.032, 60.0, 181.0, 0.9983, 3.18, 0.61, 9.3, 7
6.1, 0.55, 0.15, 9.8, 0.031, 19.0, 125.0, 0.9957, 3.36, 0.47, 10.2, 6
6.3, 0.2, 0.4, 1.5, 0.037, 35.0, 107.0, 0.9917, 3.46, 0.5, 11.4, 6
6.1, 0.35, 0.07, 1.4, 0.069, 22.0, 108.0, 0.9934, 3.23, 0.52, 9.2, 5
7.1, 0.27, 0.31, 18.2, 0.046, 55.0, 252.0, 1.0, 3.07, 0.56, 8.7, 5
6.9, 0.49, 0.24, 1.2, 0.049, 13.0, 125.0, 0.9932, 3.17, 0.51, 9.4, 5
6.9, 0.23, 0.38, 8.3, 0.047, 47.0, 162.0, 0.9954, 3.34, 0.52, 10.5, 7
6.8, 0.29, 0.5, 13.3, 0.053, 48.0, 194.0, 0.9974, 3.09, 0.45, 9.4, 5
6.8, 0.29, 0.5, 13.3, 0.053, 48.0, 194.0, 0.9974, 3.09, 0.45, 9.4, 5
6.4, 0.34, 0.1, 1.1, 0.048, 19.0, 84.0, 0.9927, 3.21, 0.38, 9.8, 5
6.6, 0.16, 0.32, 1.4, 0.035, 49.0, 186.0, 0.9906, 3.35, 0.64, 12.4, 8
6.1, 0.2, 0.25, 1.2, 0.038, 34.0, 128.0, 0.9921, 3.24, 0.44, 10.1, 5
5.9, 0.46, 0.14, 2.7, 0.042, 27.0, 160.0, 0.9931, 3.46, 0.51, 10.6, 7
6.0, 0.37, 0.32, 1.0, 0.053, 31.0, 218.5, 0.9924, 3.29, 0.72, 9.8, 6
7.1, 0.21, 0.27, 8.6, 0.056, 26.0, 111.0, 0.9956, 2.95, 0.52, 9.5, 5
7.0, 0.25, 0.29, 15.2, 0.047, 40.0, 171.0, 0.9982, 3.22, 0.45, 9.3, 5
6.8, 0.32, 0.21, 2.2, 0.044, 15.0, 68.0, 0.9932, 3.17, 0.39, 9.4, 6
6.6, 0.24, 0.29, 2.0, 0.023, 19.0, 86.0, 0.99, 3.25, 0.45, 12.5, 6
5.5, 0.16, 0.22, 4.5, 0.03, 30.0, 102.0, 0.9938, 3.24, 0.36, 9.4, 6
6.2, 0.37, 0.3, 6.6, 0.346, 79.0, 200.0, 0.9954, 3.29, 0.58, 9.6, 5
6.8, 0.2, 0.38, 4.7, 0.04, 27.0, 103.0, 0.994, 3.37, 0.58, 10.7, 6
7.2, 0.4, 0.62, 10.8, 0.041, 70.0, 189.0, 0.9976, 3.08, 0.49, 8.6, 4
6.4, 0.3, 0.3, 2.25, 0.038, 8.0, 210.0, 0.9937, 3.2, 0.62, 9.9, 6
7.3, 0.51, 0.26, 3.3, 0.09, 7.0, 135.0, 0.9944, 3.01, 0.52, 8.8, 5
6.0, 0.24, 0.27, 1.9, 0.048, 40.0, 170.0, 0.9938, 3.64, 0.54, 10.0, 7
6.9, 0.25, 0.4, 1.3, 0.038, 22.0, 101.0, 0.9901, 3.03, 0.39, 11.4, 6
5.6, 0.35, 0.37, 1.0, 0.038, 6.0, 72.0, 0.9902, 3.37, 0.34, 11.4, 5
6.1, 0.28, 0.22, 1.8, 0.034, 32.0, 116.0, 0.9898, 3.36, 0.44, 12.6, 6
6.7, 0.31, 0.31, 9.9, 0.04, 10.0, 175.0, 0.9953, 3.46, 0.55, 11.4, 4
7.8, 0.28, 0.34, 1.6, 0.028, 32.0, 118.0, 0.9901, 3.0, 0.38, 12.1, 7
8.4, 0.35, 0.71, 12.2, 0.046, 22.0, 160.0, 0.9982, 2.98, 0.65, 9.4, 5
6.0, 0.26, 0.5, 2.2, 0.048, 59.0, 153.0, 0.9928, 3.08, 0.61, 9.8, 5
6.1, 0.26, 0.51, 2.2, 0.05, 61.0, 154.0, 0.9929, 3.08, 0.6, 9.8, 6
7.4, 0.41, 0.66, 10.8, 0.051, 77.0, 194.0, 0.9976, 3.05, 0.46, 8.7, 5
6.5, 0.28, 0.29, 2.7, 0.038, 26.0, 107.0, 0.9912, 3.32, 0.41, 11.6, 7
6.0, 0.38, 0.26, 6.0, 0.034, 42.0, 134.0, 0.9912, 3.38, 0.38, 12.3, 7
6.1, 0.32, 0.25, 1.7, 0.034, 37.0, 136.0, 0.992, 3.47, 0.5, 10.8, 7
6.9, 0.28, 0.27, 2.1, 0.036, 42.0, 121.0, 0.9926, 3.42, 0.49, 10.8, 7
5.9, 0.27, 0.29, 11.4, 0.036, 31.0, 115.0, 0.9949, 3.35, 0.48, 10.5, 8
7.2, 0.24, 0.4, 1.4, 0.045, 31.0, 106.0, 0.9914, 2.88, 0.38, 10.8, 6
6.4, 0.475, 0.06, 1.0, 0.03, 9.0, 131.0, 0.9904, 2.97, 0.29, 10.8, 5
6.3, 0.26, 0.49, 1.5, 0.052, 34.0, 134.0, 0.9924, 2.99, 0.61, 9.8, 6
7.5, 0.21, 0.68, 10.9, 0.045, 38.0, 133.0, 0.9978, 3.0, 0.36, 8.7, 5
7.5, 0.23, 0.68, 11.0, 0.047, 37.0, 133.0, 0.9978, 2.99, 0.38, 8.8, 5
6.9, 0.24, 0.33, 4.8, 0.04, 16.0, 131.0, 0.9936, 3.26, 0.64, 10.7, 6
6.2, 0.17, 0.28, 4.7, 0.037, 39.0, 133.0, 0.9931, 3.41, 0.46, 10.8, 7
6.3, 0.21, 0.33, 13.9, 0.046, 68.0, 179.0, 0.9971, 3.36, 0.5, 10.4, 6
6.4, 0.24, 0.29, 11.4, 0.051, 32.0, 166.0, 0.9968, 3.31, 0.45, 9.5, 5
6.5, 0.33, 0.72, 1.1, 0.061, 7.0, 151.0, 0.993, 3.09, 0.57, 9.5, 4
6.0, 0.32, 0.12, 5.9, 0.041, 34.0, 190.0, 0.9944, 3.16, 0.72, 10.0, 5
7.1, 0.26, 0.34, 14.4, 0.067, 35.0, 189.0, 0.9986, 3.07, 0.53, 9.1, 7
7.1, 0.28, 0.26, 1.9, 0.049, 12.0, 86.0, 0.9934, 3.15, 0.38, 9.4, 5
6.8, 0.25, 0.34, 14.0, 0.032, 47.0, 133.0, 0.9952, 3.37, 0.5, 12.2, 7
6.1, 0.14, 0.25, 1.3, 0.047, 37.0, 173.0, 0.9925, 3.35, 0.46, 10.0, 6
7.8, 0.42, 0.26, 9.2, 0.058, 34.0, 199.0, 0.9972, 3.14, 0.55, 9.3, 6
6.7, 0.31, 0.3, 2.1, 0.038, 18.0, 130.0, 0.9928, 3.36, 0.63, 10.6, 6
6.1, 0.36, 0.16, 6.4, 0.037, 36.0, 198.0, 0.9944, 3.17, 0.62, 9.9, 6
7.6, 0.29, 0.58, 17.5, 0.041, 51.0, 225.0, 0.9997, 3.16, 0.66, 9.5, 6
7.5, 0.31, 0.51, 14.8, 0.039, 62.0, 204.0, 0.9982, 3.06, 0.6, 9.5, 5
8.6, 0.27, 0.46, 6.1, 0.032, 13.0, 41.0, 0.993, 2.89, 0.34, 10.9, 5
8.2, 0.27, 0.43, 1.6, 0.035, 31.0, 128.0, 0.9916, 3.1, 0.5, 12.3, 6
6.0, 0.39, 0.26, 2.7, 0.038, 39.0, 187.0, 0.99325, 3.41, 0.5, 10.8, 6
6.6, 0.29, 0.44, 9.0, 0.053, 62.0, 178.0, 0.99685, 3.02, 0.45, 8.9, 5
6.9, 0.31, 0.34, 1.6, 0.032, 23.0, 128.0, 0.9917, 3.37, 0.47, 11.7, 6
6.6, 0.33, 0.31, 1.3, 0.02, 29.0, 89.0, 0.99035, 3.26, 0.44, 12.4, 8
6.4, 0.39, 0.21, 1.2, 0.041, 35.0, 136.0, 0.99225, 3.15, 0.46, 10.2, 5
6.4, 0.24, 0.31, 2.8, 0.038, 41.0, 114.0, 0.99155, 3.37, 0.66, 11.7, 7
6.5, 0.23, 0.33, 13.8, 0.042, 25.0, 139.0, 0.99695, 3.35, 0.56, 10.4, 6
6.9, 0.38, 0.25, 9.8, 0.04, 28.0, 191.0, 0.9971, 3.28, 0.61, 9.2, 5
5.8, 0.2, 0.3, 1.5, 0.031, 21.0, 57.0, 0.99115, 3.44, 0.55, 11.0, 6
7.4, 0.38, 0.27, 7.5, 0.041, 24.0, 160.0, 0.99535, 3.17, 0.43, 10.0, 5
7.4, 0.2, 1.66, 2.1, 0.022, 34.0, 113.0, 0.99165, 3.26, 0.55, 12.2, 6
7.1, 0.28, 0.44, 1.8, 0.032, 32.0, 107.0, 0.9907, 3.25, 0.48, 12.2, 7
6.9, 0.18, 0.38, 8.1, 0.049, 44.0, 176.0, 0.9958, 3.3, 0.54, 9.8, 6
5.0, 0.44, 0.04, 18.6, 0.039, 38.0, 128.0, 0.9985, 3.37, 0.57, 10.2, 6
6.7, 0.5, 0.63, 13.4, 0.078, 81.0, 238.0, 0.9988, 3.08, 0.44, 9.2, 5
6.6, 0.16, 0.57, 1.1, 0.13, 58.0, 140.0, 0.9927, 3.12, 0.39, 9.3, 7
6.6, 0.21, 0.6, 1.1, 0.135, 61.0, 144.0, 0.9927, 3.12, 0.39, 9.3, 7
9.1, 0.27, 0.45, 10.6, 0.035, 28.0, 124.0, 0.997, 3.2, 0.46, 10.4, 9
7.8, 0.29, 0.22, 9.5, 0.056, 44.0, 213.0, 0.99715, 3.08, 0.61, 9.3, 6
6.9, 0.22, 0.37, 15.0, 0.053, 59.0, 178.0, 0.9992, 3.37, 0.82, 9.5, 7
8.1, 0.17, 0.44, 14.1, 0.053, 43.0, 145.0, 1.0006, 3.28, 0.75, 8.8, 8
7.7, 0.34, 0.28, 11.0, 0.04, 31.0, 117.0, 0.99815, 3.27, 0.29, 9.2, 6
5.9, 0.24, 0.3, 2.0, 0.033, 28.0, 92.0, 0.99225, 3.39, 0.69, 10.9, 7
6.6, 0.21, 0.31, 11.4, 0.039, 46.0, 165.0, 0.99795, 3.41, 0.44, 9.8, 7
6.4, 0.31, 0.26, 13.2, 0.046, 57.0, 205.0, 0.9975, 3.17, 0.41, 9.6, 5
6.2, 0.3, 0.17, 2.8, 0.04, 24.0, 125.0, 0.9939, 3.01, 0.46, 9.0, 5
7.3, 0.655, 0.2, 10.2, 0.071, 28.0, 212.0, 0.9971, 2.96, 0.58, 9.2, 6
7.3, 0.25, 0.36, 2.1, 0.034, 30.0, 177.0, 0.99085, 3.25, 0.4, 11.9, 8
6.9, 0.19, 0.35, 1.7, 0.036, 33.0, 101.0, 0.99315, 3.21, 0.54, 10.8, 7
8.2, 0.4, 0.48, 13.7, 0.042, 59.0, 169.0, 0.9986, 3.1, 0.52, 9.4, 5
6.7, 0.22, 0.39, 10.2, 0.038, 60.0, 149.0, 0.99725, 3.17, 0.54, 10.0, 7
7.3, 0.25, 0.42, 14.2, 0.041, 57.0, 182.0, 0.9996, 3.29, 0.75, 9.1, 7
4.8, 0.33, 0.0, 6.5, 0.028, 34.0, 163.0, 0.9937, 3.35, 0.61, 9.9, 5
6.1, 0.27, 0.33, 2.2, 0.021, 26.0, 117.0, 0.9886, 3.12, 0.3, 12.5, 6
6.9, 0.18, 0.36, 1.3, 0.036, 40.0, 117.0, 0.9934, 3.27, 0.95, 9.5, 7
6.0, 0.45, 0.65, 9.7, 0.08, 11.0, 159.0, 0.9956, 3.04, 0.48, 9.4, 5
7.1, 0.21, 0.32, 2.2, 0.037, 28.0, 141.0, 0.993, 3.2, 0.57, 10.0, 7
7.3, 0.26, 0.31, 1.6, 0.04, 39.0, 173.0, 0.9918, 3.19, 0.51, 11.4, 6
5.9, 0.26, 0.3, 1.0, 0.036, 38.0, 114.0, 0.9928, 3.58, 0.48, 9.4, 5
6.8, 0.18, 0.28, 8.7, 0.047, 52.0, 242.0, 0.9952, 3.22, 0.53, 10.5, 6
6.6, 0.26, 0.29, 1.4, 0.039, 13.0, 67.0, 0.9915, 3.05, 0.49, 10.9, 6
6.8, 0.18, 0.28, 8.5, 0.047, 52.0, 242.0, 0.9952, 3.22, 0.53, 10.5, 6
7.5, 0.24, 0.31, 13.0, 0.049, 46.0, 217.0, 0.9985, 3.08, 0.53, 8.8, 5
5.6, 0.29, 0.05, 0.8, 0.038, 11.0, 30.0, 0.9924, 3.36, 0.35, 9.2, 5
7.0, 0.24, 0.34, 1.4, 0.031, 27.0, 107.0, 0.99, 3.06, 0.39, 11.9, 6
5.4, 0.595, 0.1, 2.8, 0.042, 26.0, 80.0, 0.9932, 3.36, 0.38, 9.3, 5
6.4, 0.26, 0.43, 12.6, 0.033, 64.0, 230.0, 0.9974, 3.08, 0.38, 8.9, 5
6.5, 0.26, 0.28, 12.5, 0.046, 80.0, 225.0, 0.99685, 3.18, 0.41, 10.0, 6
6.2, 0.28, 0.43, 13.0, 0.039, 64.0, 233.0, 0.99745, 3.08, 0.38, 8.9, 5
7.7, 0.24, 0.29, 15.3, 0.044, 39.0, 194.0, 0.9982, 3.06, 0.47, 9.6, 7
6.9, 0.48, 0.36, 3.5, 0.03, 31.0, 135.0, 0.9904, 3.14, 0.38, 12.2, 7
6.5, 0.17, 0.33, 1.4, 0.028, 14.0, 99.0, 0.9928, 3.23, 0.55, 10.1, 6
8.2, 0.23, 0.37, 1.3, 0.042, 39.0, 117.0, 0.9928, 2.99, 0.36, 10.0, 5
6.6, 0.23, 0.32, 0.9, 0.041, 25.0, 79.0, 0.9926, 3.39, 0.54, 10.2, 7
5.9, 0.26, 0.21, 12.5, 0.034, 36.0, 152.0, 0.9972, 3.28, 0.43, 9.5, 6
6.5, 0.34, 0.28, 1.8, 0.041, 43.0, 188.0, 0.9928, 3.13, 0.37, 9.6, 6
6.5, 0.08, 0.33, 1.9, 0.028, 23.0, 93.0, 0.991, 3.34, 0.7, 12.0, 7
5.5, 0.42, 0.09, 1.6, 0.019, 18.0, 68.0, 0.9906, 3.33, 0.51, 11.4, 7
6.8, 0.22, 0.35, 17.5, 0.039, 38.0, 153.0, 0.9994, 3.24, 0.42, 9.0, 6
6.0, 0.2, 0.71, 1.6, 0.15, 10.0, 54.0, 0.9927, 3.12, 0.47, 9.8, 5
7.7, 0.28, 0.33, 6.7, 0.037, 32.0, 155.0, 0.9951, 3.39, 0.62, 10.7, 7
5.7, 0.36, 0.34, 4.2, 0.026, 21.0, 77.0, 0.9907, 3.41, 0.45, 11.9, 6
7.7, 0.28, 0.39, 8.9, 0.036, 8.0, 117.0, 0.9935, 3.06, 0.38, 12.0, 7
8.6, 0.16, 0.38, 3.4, 0.04, 41.0, 143.0, 0.9932, 2.95, 0.39, 10.2, 6
8.0, 0.24, 0.3, 17.45, 0.056, 43.0, 184.0, 0.9997, 3.05, 0.5, 9.2, 6
8.0, 0.19, 0.36, 1.8, 0.05, 16.0, 84.0, 0.9936, 3.15, 0.45, 9.8, 7
5.1, 0.52, 0.06, 2.7, 0.052, 30.0, 79.0, 0.9932, 3.32, 0.43, 9.3, 5
7.6, 0.16, 0.44, 1.4, 0.043, 25.0, 109.0, 0.9932, 3.11, 0.75, 10.3, 6
7.1, 0.18, 0.42, 1.4, 0.045, 47.0, 157.0, 0.9916, 2.95, 0.31, 10.5, 6
8.3, 0.14, 0.26, 1.5, 0.049, 56.0, 189.0, 0.9946, 3.21, 0.62, 9.5, 6
6.8, 0.19, 0.32, 7.05, 0.019, 54.0, 188.0, 0.9935, 3.25, 0.37, 11.1, 8
7.6, 0.19, 0.38, 10.6, 0.06, 48.0, 174.0, 0.9962, 3.13, 0.38, 10.5, 6
6.6, 0.14, 0.44, 1.6, 0.042, 47.0, 140.0, 0.993, 3.32, 0.51, 10.2, 6
6.3, 0.6, 0.44, 11.0, 0.05, 50.0, 245.0, 0.9972, 3.19, 0.57, 9.3, 4
7.1, 0.3, 0.36, 6.8, 0.055, 44.5, 234.0, 0.9972, 3.49, 0.64, 10.2, 6
6.1, 0.37, 0.36, 4.7, 0.035, 36.0, 116.0, 0.991, 3.31, 0.62, 12.6, 6
7.3, 0.24, 0.34, 7.5, 0.048, 29.0, 152.0, 0.9962, 3.1, 0.54, 9.0, 5
6.9, 0.21, 0.81, 1.1, 0.137, 52.0, 123.0, 0.9932, 3.03, 0.39, 9.2, 6
7.6, 0.29, 0.42, 1.3, 0.035, 18.0, 86.0, 0.9908, 2.99, 0.39, 11.3, 5
8.8, 0.33, 0.44, 6.35, 0.024, 9.0, 87.0, 0.9917, 2.96, 0.4, 12.6, 7
8.0, 0.37, 0.32, 1.6, 0.04, 32.0, 166.0, 0.992, 3.0, 0.55, 11.3, 7
7.7, 0.34, 0.3, 8.0, 0.048, 25.0, 192.0, 0.9951, 2.97, 0.47, 10.9, 5
7.8, 0.26, 0.44, 1.3, 0.037, 43.0, 132.0, 0.9944, 3.18, 0.65, 10.0, 5
6.3, 0.27, 0.25, 5.8, 0.038, 52.0, 155.0, 0.995, 3.28, 0.38, 9.4, 6
7.3, 0.31, 0.69, 10.2, 0.041, 58.0, 160.0, 0.9977, 3.06, 0.45, 8.6, 5
7.0, 0.17, 0.33, 4.0, 0.034, 17.0, 127.0, 0.9934, 3.19, 0.39, 10.6, 7
6.3, 0.16, 0.4, 1.6, 0.033, 59.0, 148.0, 0.9914, 3.44, 0.53, 11.4, 5
7.9, 0.29, 0.39, 6.7, 0.036, 6.0, 117.0, 0.9938, 3.12, 0.42, 10.7, 5
6.1, 0.29, 0.27, 1.7, 0.024, 13.0, 76.0, 0.9893, 3.21, 0.51, 12.6, 7
7.2, 0.37, 0.15, 2.0, 0.029, 27.0, 87.0, 0.9903, 3.3, 0.59, 12.6, 7
5.9, 0.415, 0.13, 1.4, 0.04, 11.0, 64.0, 0.9922, 3.29, 0.52, 10.5, 5
6.3, 0.55, 0.45, 13.0, 0.047, 33.0, 182.0, 0.9974, 3.2, 0.46, 9.2, 6
6.5, 0.115, 0.29, 1.95, 0.038, 73.0, 166.0, 0.989, 3.12, 0.25, 12.9, 7
8.7, 0.22, 0.42, 2.3, 0.053, 27.0, 114.0, 0.994, 2.99, 0.43, 10.0, 5
6.1, 0.31, 0.37, 8.4, 0.031, 70.0, 170.0, 0.9934, 3.42, 0.4, 11.7, 8
9.3, 0.34, 0.49, 7.3, 0.052, 30.0, 146.0, 0.998, 3.17, 0.61, 10.2, 5
7.2, 0.25, 0.32, 1.5, 0.047, 27.0, 132.0, 0.9933, 3.26, 0.44, 10.5, 5
8.9, 0.34, 0.32, 1.3, 0.041, 12.0, 188.0, 0.9953, 3.17, 0.49, 9.5, 5
6.7, 0.25, 0.23, 7.2, 0.038, 61.0, 220.0, 0.9952, 3.14, 0.35, 9.5, 5
7.8, 0.3, 0.29, 16.85, 0.054, 23.0, 135.0, 0.9998, 3.16, 0.38, 9.0, 6
7.8, 0.3, 0.29, 16.85, 0.054, 23.0, 135.0, 0.9998, 3.16, 0.38, 9.0, 6
7.2, 0.2, 0.38, 1.0, 0.037, 21.0, 74.0, 0.9918, 3.21, 0.37, 11.0, 5
7.7, 0.25, 0.43, 4.5, 0.062, 20.0, 115.0, 0.9966, 3.38, 0.5, 9.9, 6
6.4, 0.25, 0.41, 8.6, 0.042, 57.0, 173.0, 0.9965, 3.0, 0.44, 9.1, 5
6.8, 0.25, 0.29, 2.0, 0.042, 19.0, 189.0, 0.9952, 3.46, 0.54, 10.2, 6
7.3, 0.22, 0.4, 14.75, 0.042, 44.5, 129.5, 0.9998, 3.36, 0.41, 9.1, 7
7.9, 0.22, 0.45, 14.2, 0.038, 53.0, 141.0, 0.9992, 3.03, 0.46, 9.2, 6
6.8, 0.18, 0.37, 1.5, 0.027, 37.0, 93.0, 0.992, 3.3, 0.45, 10.8, 6
7.0, 0.17, 0.37, 1.5, 0.028, 26.0, 75.0, 0.9922, 3.3, 0.46, 10.8, 7
5.0, 0.33, 0.16, 1.5, 0.049, 10.0, 97.0, 0.9917, 3.48, 0.44, 10.7, 6
8.0, 0.23, 0.46, 1.5, 0.03, 30.0, 125.0, 0.9907, 3.23, 0.47, 12.5, 6
7.3, 0.27, 0.39, 6.7, 0.064, 28.0, 188.0, 0.9958, 3.29, 0.3, 9.7, 5
5.0, 0.33, 0.16, 1.5, 0.049, 10.0, 97.0, 0.9917, 3.48, 0.44, 10.7, 6
9.7, 0.24, 0.45, 1.2, 0.033, 11.0, 59.0, 0.9926, 2.74, 0.47, 10.8, 6
7.7, 0.39, 0.3, 5.2, 0.037, 29.0, 131.0, 0.9943, 3.38, 0.44, 11.0, 6
7.8, 0.32, 0.31, 1.7, 0.036, 46.0, 195.0, 0.993, 3.03, 0.48, 10.5, 5
8.0, 0.2, 0.4, 5.2, 0.055, 41.0, 167.0, 0.9953, 3.18, 0.4, 10.6, 7
6.4, 0.22, 0.34, 1.8, 0.057, 29.0, 104.0, 0.9959, 3.81, 0.57, 10.3, 6
6.9, 0.29, 0.16, 6.8, 0.034, 65.0, 212.0, 0.9955, 3.08, 0.39, 9.0, 6
6.2, 0.21, 0.38, 6.8, 0.036, 64.0, 245.0, 0.9951, 3.06, 0.36, 9.3, 6
7.3, 0.19, 0.68, 1.5, 0.05, 31.0, 156.0, 0.9946, 3.32, 0.64, 9.4, 6
7.6, 0.31, 0.29, 10.5, 0.04, 21.0, 145.0, 0.9966, 3.04, 0.35, 9.4, 5
8.0, 0.22, 0.42, 14.6, 0.044, 45.0, 163.0, 1.0003, 3.21, 0.69, 8.6, 7
7.0, 0.39, 0.31, 5.3, 0.169, 32.0, 162.0, 0.9965, 3.2, 0.48, 9.4, 5
7.6, 0.31, 0.29, 10.5, 0.04, 21.0, 145.0, 0.9966, 3.04, 0.35, 9.4, 5
6.6, 0.16, 0.3, 1.6, 0.034, 15.0, 78.0, 0.992, 3.38, 0.44, 11.2, 6
7.5, 0.23, 0.32, 9.2, 0.038, 54.0, 191.0, 0.9966, 3.04, 0.56, 9.7, 6
6.2, 0.17, 0.3, 1.1, 0.037, 14.0, 79.0, 0.993, 3.5, 0.54, 10.3, 6
6.9, 0.2, 0.4, 7.7, 0.032, 51.0, 176.0, 0.9939, 3.22, 0.27, 11.4, 5
9.4, 0.17, 0.55, 1.6, 0.049, 14.0, 94.0, 0.9949, 3.02, 0.61, 10.3, 6
6.4, 0.15, 0.31, 1.1, 0.044, 25.0, 96.0, 0.9932, 3.54, 0.51, 10.3, 6
5.7, 0.21, 0.24, 2.3, 0.047, 60.0, 189.0, 0.995, 3.65, 0.72, 10.1, 6
7.8, 0.29, 0.36, 7.0, 0.042, 38.0, 161.0, 0.9941, 3.26, 0.37, 11.2, 8
8.4, 0.58, 0.27, 12.15, 0.033, 37.0, 116.0, 0.9959, 2.99, 0.39, 10.8, 6
7.2, 0.16, 0.32, 0.8, 0.04, 50.0, 121.0, 0.9922, 3.27, 0.33, 10.0, 6
9.2, 0.35, 0.39, 0.9, 0.042, 15.0, 61.0, 0.9924, 2.96, 0.28, 10.4, 4
8.0, 0.57, 0.39, 3.9, 0.034, 22.0, 122.0, 0.9917, 3.29, 0.67, 12.8, 7
6.7, 0.18, 0.3, 6.4, 0.048, 40.0, 251.0, 0.9956, 3.29, 0.52, 10.0, 5
7.8, 0.13, 0.3, 1.8, 0.04, 43.0, 179.0, 0.9955, 3.43, 0.41, 9.0, 5
6.9, 0.27, 0.41, 1.7, 0.047, 6.0, 134.0, 0.9929, 3.15, 0.69, 11.4, 6
6.9, 0.46, 0.2, 0.9, 0.054, 5.0, 126.0, 0.992, 3.1, 0.42, 10.4, 6
6.6, 0.56, 0.16, 3.1, 0.045, 28.0, 92.0, 0.994, 3.12, 0.35, 9.1, 6
8.1, 0.19, 0.4, 0.9, 0.037, 73.0, 180.0, 0.9926, 3.06, 0.34, 10.0, 6
7.3, 0.18, 0.29, 1.2, 0.044, 12.0, 143.0, 0.9918, 3.2, 0.48, 11.3, 7
7.0, 0.2, 0.34, 5.7, 0.035, 32.0, 83.0, 0.9928, 3.19, 0.46, 11.5, 6
7.0, 0.2, 0.34, 5.7, 0.035, 32.0, 83.0, 0.9928, 3.19, 0.46, 11.5, 6
6.9, 0.3, 0.33, 4.1, 0.035, 26.0, 155.0, 0.9925, 3.25, 0.79, 12.3, 8
7.6, 0.14, 0.74, 1.6, 0.04, 27.0, 103.0, 0.9916, 3.07, 0.4, 10.8, 7
7.0, 0.39, 0.24, 1.0, 0.048, 8.0, 119.0, 0.9923, 3.0, 0.31, 10.1, 4
8.2, 0.18, 0.49, 1.1, 0.033, 28.0, 81.0, 0.9923, 3.0, 0.68, 10.4, 7
7.8, 0.43, 0.49, 13.0, 0.033, 37.0, 158.0, 0.9955, 3.14, 0.35, 11.3, 6
6.9, 0.19, 0.49, 6.6, 0.036, 49.0, 172.0, 0.9932, 3.2, 0.27, 11.5, 6
6.9, 0.34, 0.74, 11.2, 0.069, 44.0, 150.0, 0.9968, 3.0, 0.81, 9.2, 5
8.3, 0.2, 0.74, 4.45, 0.044, 33.0, 130.0, 0.9924, 3.25, 0.42, 12.2, 6
7.4, 0.16, 0.49, 1.2, 0.055, 18.0, 150.0, 0.9917, 3.23, 0.47, 11.2, 6
8.3, 0.19, 0.49, 1.2, 0.051, 11.0, 137.0, 0.9918, 3.06, 0.46, 11.0, 6
7.0, 0.2, 0.74, 0.8, 0.044, 19.0, 163.0, 0.9931, 3.46, 0.53, 10.2, 5
6.5, 0.24, 0.24, 1.6, 0.046, 15.0, 60.0, 0.9928, 3.19, 0.39, 9.8, 5
7.0, 0.2, 0.49, 5.9, 0.038, 39.0, 128.0, 0.9938, 3.21, 0.48, 10.8, 6
7.9, 0.22, 0.24, 4.6, 0.044, 39.0, 159.0, 0.9927, 2.99, 0.28, 11.5, 6
6.7, 0.16, 0.49, 2.4, 0.046, 57.0, 187.0, 0.9952, 3.62, 0.81, 10.4, 6
7.5, 0.32, 0.24, 4.6, 0.053, 8.0, 134.0, 0.9958, 3.14, 0.5, 9.1, 3
7.4, 0.28, 0.49, 1.5, 0.034, 20.0, 126.0, 0.9918, 2.98, 0.39, 10.6, 6
7.9, 0.16, 0.74, 17.85, 0.037, 52.0, 187.0, 0.9998, 2.99, 0.41, 9.3, 5
8.0, 0.34, 0.49, 9.0, 0.033, 39.0, 180.0, 0.9936, 3.13, 0.38, 12.3, 8
6.7, 0.51, 0.24, 2.1, 0.043, 14.0, 155.0, 0.9904, 3.22, 0.6, 13.0, 6
6.6, 0.3, 0.24, 1.2, 0.034, 17.0, 121.0, 0.9933, 3.13, 0.36, 9.2, 5
6.8, 0.36, 0.24, 4.6, 0.039, 24.0, 124.0, 0.9909, 3.27, 0.34, 12.6, 7
6.8, 0.21, 0.49, 14.5, 0.06, 50.0, 170.0, 0.9991, 3.55, 0.44, 9.8, 6
8.8, 0.23, 0.74, 3.2, 0.042, 15.0, 126.0, 0.9934, 3.02, 0.51, 11.2, 6
6.6, 0.3, 0.24, 1.2, 0.034, 17.0, 121.0, 0.9933, 3.13, 0.36, 9.2, 5
8.1, 0.3, 0.49, 8.1, 0.037, 26.0, 174.0, 0.9943, 3.1, 0.3, 11.2, 7
7.5, 0.23, 0.49, 7.7, 0.049, 61.0, 209.0, 0.9941, 3.14, 0.3, 11.1, 7
8.9, 0.13, 0.49, 1.0, 0.028, 6.0, 24.0, 0.9926, 2.91, 0.32, 9.9, 5
6.7, 0.3, 0.49, 4.8, 0.034, 36.0, 158.0, 0.9945, 3.12, 0.45, 9.9, 6
7.1, 0.36, 0.24, 1.8, 0.025, 32.0, 102.0, 0.9903, 3.34, 0.59, 12.8, 6
8.5, 0.15, 0.49, 1.5, 0.031, 17.0, 122.0, 0.9932, 3.03, 0.4, 10.3, 6
9.1, 0.28, 0.49, 2.0, 0.059, 10.0, 112.0, 0.9958, 3.15, 0.46, 10.1, 5
9.1, 0.28, 0.49, 2.0, 0.059, 10.0, 112.0, 0.9958, 3.15, 0.46, 10.1, 5
7.4, 0.3, 0.49, 8.2, 0.055, 49.0, 188.0, 0.9974, 3.52, 0.58, 9.7, 6
8.5, 0.17, 0.49, 8.8, 0.048, 23.0, 108.0, 0.9947, 2.88, 0.34, 10.5, 4
7.6, 0.31, 0.49, 13.4, 0.062, 50.0, 191.0, 0.9989, 3.22, 0.53, 9.0, 4
9.8, 0.31, 0.49, 15.4, 0.046, 13.0, 119.0, 1.0004, 3.18, 0.45, 9.5, 5
9.3, 0.31, 0.49, 1.3, 0.042, 34.0, 147.0, 0.9948, 3.11, 0.46, 9.8, 5
7.3, 0.3, 0.74, 13.5, 0.039, 46.0, 165.0, 0.9982, 3.02, 0.4, 8.7, 5
8.6, 0.16, 0.49, 7.3, 0.043, 9.0, 63.0, 0.9953, 3.13, 0.59, 10.5, 6
6.6, 0.55, 0.01, 2.7, 0.034, 56.0, 122.0, 0.9906, 3.15, 0.3, 11.9, 5
6.3, 0.24, 0.74, 1.4, 0.172, 24.0, 108.0, 0.9932, 3.27, 0.39, 9.9, 6
5.6, 0.39, 0.24, 4.7, 0.034, 27.0, 77.0, 0.9906, 3.28, 0.36, 12.7, 5
6.7, 0.41, 0.01, 2.8, 0.048, 39.0, 137.0, 0.9942, 3.24, 0.35, 9.5, 5
7.5, 0.32, 0.49, 1.7, 0.031, 44.0, 109.0, 0.9906, 3.07, 0.46, 12.5, 6
7.5, 0.19, 0.49, 1.6, 0.047, 42.0, 140.0, 0.9932, 3.4, 0.47, 10.7, 6
6.9, 0.34, 0.49, 7.3, 0.045, 61.0, 206.0, 0.9957, 3.09, 0.4, 9.0, 6
6.2, 0.2, 0.49, 1.6, 0.065, 17.0, 143.0, 0.9937, 3.22, 0.52, 9.2, 6
6.4, 0.37, 0.49, 13.3, 0.045, 53.0, 243.0, 0.9982, 3.14, 0.48, 8.5, 6
6.5, 0.44, 0.49, 7.7, 0.045, 16.0, 169.0, 0.9957, 3.11, 0.37, 8.7, 6
7.8, 0.49, 0.49, 7.0, 0.043, 29.0, 149.0, 0.9952, 3.21, 0.33, 10.0, 5
7.6, 0.47, 0.49, 13.0, 0.239, 42.0, 220.0, 0.9988, 2.96, 0.51, 9.2, 5
7.8, 0.49, 0.49, 7.0, 0.043, 29.0, 149.0, 0.9952, 3.21, 0.33, 10.0, 5
7.3, 0.19, 0.49, 15.55, 0.058, 50.0, 134.0, 0.9998, 3.42, 0.36, 9.1, 7
7.8, 0.21, 0.49, 1.2, 0.036, 20.0, 99.0, 0.99, 3.05, 0.28, 12.1, 7
6.9, 0.26, 0.49, 1.6, 0.058, 39.0, 166.0, 0.9965, 3.65, 0.52, 9.4, 4
7.6, 0.31, 0.49, 3.95, 0.044, 27.0, 131.0, 0.9912, 3.08, 0.67, 12.8, 7
7.8, 0.28, 0.49, 1.3, 0.046, 27.0, 142.0, 0.9936, 3.09, 0.59, 10.2, 5
6.6, 0.27, 0.49, 7.8, 0.049, 62.0, 217.0, 0.9959, 3.17, 0.45, 9.4, 6
7.9, 0.33, 0.28, 31.6, 0.053, 35.0, 176.0, 1.0103, 3.15, 0.38, 8.8, 6
7.9, 0.18, 0.33, 1.2, 0.033, 20.0, 72.0, 0.9922, 3.12, 0.38, 10.5, 7
7.0, 0.35, 0.3, 6.5, 0.028, 27.0, 87.0, 0.9936, 3.4, 0.42, 11.4, 7
7.0, 0.35, 0.3, 6.5, 0.028, 27.0, 87.0, 0.9936, 3.4, 0.42, 11.4, 7
7.1, 0.16, 0.25, 1.3, 0.034, 28.0, 123.0, 0.9915, 3.27, 0.55, 11.4, 6
8.1, 0.31, 0.24, 1.6, 0.032, 10.0, 67.0, 0.9924, 3.08, 0.47, 10.5, 5
7.0, 0.2, 0.3, 6.1, 0.037, 31.0, 120.0, 0.9939, 3.24, 0.51, 10.8, 5
7.9, 0.18, 0.37, 3.0, 0.061, 25.0, 178.0, 0.995, 3.22, 0.51, 10.0, 6
7.5, 0.4, 1.0, 19.5, 0.041, 33.0, 148.0, 0.9977, 3.24, 0.38, 12.0, 6
6.9, 0.17, 0.22, 4.6, 0.064, 55.0, 152.0, 0.9952, 3.29, 0.37, 9.3, 6
6.8, 0.3, 0.24, 6.6, 0.123, 35.0, 116.0, 0.9953, 3.07, 0.48, 9.4, 5
8.3, 0.3, 0.36, 10.0, 0.042, 33.0, 169.0, 0.9982, 3.23, 0.51, 9.3, 6
6.1, 0.17, 0.27, 1.5, 0.056, 45.0, 135.0, 0.9924, 3.2, 0.43, 10.2, 6
6.1, 0.255, 0.44, 12.3, 0.045, 53.0, 197.0, 0.9967, 3.24, 0.54, 9.5, 6
6.6, 0.62, 0.2, 8.7, 0.046, 81.0, 224.0, 0.99605, 3.17, 0.44, 9.3, 5
7.3, 0.21, 0.3, 10.9, 0.037, 18.0, 112.0, 0.997, 3.4, 0.5, 9.6, 6
6.6, 0.25, 0.35, 14.0, 0.069, 42.0, 163.0, 0.999, 3.56, 0.47, 9.8, 5
8.5, 0.21, 0.26, 9.25, 0.034, 73.0, 142.0, 0.9945, 3.05, 0.37, 11.4, 6
8.2, 0.36, 0.29, 7.6, 0.035, 37.0, 122.0, 0.9939, 3.16, 0.34, 12.0, 5
7.6, 0.3, 0.22, 10.2, 0.049, 57.0, 191.0, 0.9966, 3.08, 0.4, 9.3, 6
6.6, 0.36, 0.21, 1.5, 0.049, 39.0, 184.0, 0.9928, 3.18, 0.41, 9.9, 6
6.8, 0.3, 0.35, 2.8, 0.038, 10.0, 164.0, 0.9912, 3.09, 0.53, 12.0, 6
6.5, 0.34, 0.36, 11.0, 0.052, 53.0, 247.0, 0.9984, 3.44, 0.55, 9.3, 6
7.4, 0.44, 0.2, 11.5, 0.049, 44.0, 157.0, 0.998, 3.27, 0.44, 9.0, 5
7.1, 0.25, 0.25, 1.6, 0.046, 50.0, 181.0, 0.9925, 3.2, 0.42, 11.0, 7
8.3, 0.27, 0.39, 2.4, 0.058, 16.0, 107.0, 0.9955, 3.28, 0.59, 10.3, 5
6.7, 0.18, 0.19, 4.7, 0.046, 57.0, 161.0, 0.9946, 3.32, 0.66, 10.5, 6
8.0, 0.19, 0.3, 2.0, 0.053, 48.0, 140.0, 0.994, 3.18, 0.49, 9.6, 6
7.6, 0.15, 0.4, 1.3, 0.036, 24.0, 112.0, 0.9932, 3.14, 0.76, 10.0, 5
6.8, 0.24, 0.31, 18.3, 0.046, 40.0, 142.0, 1.0, 3.3, 0.41, 8.7, 5
6.8, 0.24, 0.31, 18.3, 0.046, 40.0, 142.0, 1.0, 3.3, 0.41, 8.7, 5
7.9, 0.26, 0.33, 10.3, 0.039, 73.0, 212.0, 0.9969, 2.93, 0.49, 9.5, 6
7.4, 0.21, 0.3, 7.9, 0.039, 14.0, 118.0, 0.9942, 2.96, 0.34, 10.4, 5
7.8, 0.34, 0.27, 1.2, 0.04, 25.0, 106.0, 0.9932, 3.01, 0.55, 10.4, 5
7.5, 0.29, 0.67, 8.1, 0.037, 53.0, 166.0, 0.9966, 2.9, 0.41, 8.9, 6
7.2, 0.36, 0.36, 5.7, 0.038, 26.0, 98.0, 0.9914, 2.93, 0.59, 12.5, 7
8.3, 0.23, 0.3, 2.1, 0.049, 21.0, 153.0, 0.9953, 3.09, 0.5, 9.6, 6
6.8, 0.43, 0.3, 3.5, 0.033, 27.0, 135.0, 0.9906, 3.0, 0.37, 12.0, 6
6.6, 0.25, 0.36, 8.1, 0.045, 54.0, 180.0, 0.9958, 3.08, 0.42, 9.2, 5
7.6, 0.13, 0.34, 9.3, 0.062, 40.0, 126.0, 0.9966, 3.21, 0.39, 9.6, 5
7.0, 0.12, 0.19, 4.9, 0.055, 27.0, 127.0, 0.9953, 3.29, 0.41, 9.4, 5
7.6, 0.26, 0.36, 1.6, 0.032, 6.0, 106.0, 0.993, 3.15, 0.4, 10.4, 4
8.8, 0.34, 0.33, 9.7, 0.036, 46.0, 172.0, 0.9966, 3.08, 0.4, 10.2, 5
9.2, 0.27, 0.34, 10.5, 0.043, 49.0, 228.0, 0.9974, 3.04, 0.41, 10.4, 6
8.0, 0.25, 0.13, 17.2, 0.036, 49.0, 219.0, 0.9996, 2.96, 0.46, 9.7, 5
9.9, 1.005, 0.46, 1.4, 0.046, 34.0, 185.0, 0.9966, 3.02, 0.49, 10.2, 4
8.1, 0.24, 0.38, 4.3, 0.044, 49.0, 172.0, 0.996, 3.37, 0.74, 10.8, 6
6.4, 0.29, 0.28, 11.1, 0.063, 66.0, 169.0, 0.9973, 2.89, 0.57, 9.0, 5
7.0, 0.12, 0.32, 7.2, 0.058, 22.0, 89.0, 0.9966, 3.29, 0.38, 9.2, 6
6.8, 0.31, 0.42, 6.9, 0.046, 50.0, 173.0, 0.9958, 3.19, 0.46, 9.0, 5
6.8, 0.27, 0.28, 13.3, 0.076, 50.0, 163.0, 0.9979, 3.03, 0.38, 8.6, 6
8.0, 0.23, 0.35, 9.2, 0.044, 53.0, 186.0, 0.997, 3.09, 0.56, 9.5, 7
7.6, 0.2, 0.31, 1.4, 0.047, 41.0, 142.0, 0.9934, 3.43, 0.53, 10.1, 6
7.6, 0.2, 0.3, 14.2, 0.056, 53.0, 212.5, 0.999, 3.14, 0.46, 8.9, 8
7.6, 0.2, 0.3, 14.2, 0.056, 53.0, 212.5, 0.999, 3.14, 0.46, 8.9, 8
8.1, 0.22, 0.28, 7.7, 0.043, 57.0, 176.0, 0.9954, 3.12, 0.55, 10.0, 5
8.4, 0.2, 0.38, 11.8, 0.055, 51.0, 170.0, 1.0004, 3.34, 0.82, 8.9, 6
7.6, 0.17, 0.35, 1.6, 0.047, 43.0, 154.0, 0.9934, 3.36, 0.69, 11.1, 6
8.0, 0.4, 0.33, 7.7, 0.034, 27.0, 98.0, 0.9935, 3.18, 0.41, 12.2, 7
7.0, 0.25, 0.56, 2.0, 0.035, 20.0, 95.0, 0.9918, 3.23, 0.53, 11.0, 6
9.0, 0.55, 0.3, 8.1, 0.026, 14.0, 71.0, 0.993, 2.94, 0.36, 11.8, 5
7.6, 0.34, 0.39, 7.6, 0.04, 45.0, 215.0, 0.9965, 3.11, 0.53, 9.2, 6
7.5, 0.3, 0.71, 1.3, 0.16, 44.0, 149.0, 0.9948, 3.08, 0.42, 8.9, 5
6.4, 0.26, 0.4, 1.7, 0.179, 5.0, 60.0, 0.9925, 3.09, 0.54, 10.1, 5
8.9, 0.21, 0.34, 7.1, 0.037, 33.0, 150.0, 0.9962, 3.1, 0.45, 9.7, 6
7.6, 0.29, 0.26, 6.5, 0.042, 32.0, 160.0, 0.9944, 3.14, 0.47, 10.7, 5
6.5, 0.25, 0.2, 1.4, 0.024, 29.0, 101.0, 0.9916, 3.24, 0.54, 10.8, 6
7.9, 0.35, 0.36, 1.6, 0.038, 11.0, 124.0, 0.9928, 3.25, 0.48, 11.0, 5
5.7, 0.27, 0.32, 1.2, 0.046, 20.0, 155.0, 0.9934, 3.8, 0.41, 10.2, 6
5.5, 0.14, 0.27, 4.6, 0.029, 22.0, 104.0, 0.9949, 3.34, 0.44, 9.0, 5
8.7, 0.24, 0.35, 0.6, 0.042, 11.0, 71.0, 0.9926, 3.08, 0.38, 10.6, 5
11.8, 0.23, 0.38, 11.1, 0.034, 15.0, 123.0, 0.9997, 2.93, 0.55, 9.7, 3
8.6, 0.485, 0.29, 4.1, 0.026, 19.0, 101.0, 0.9918, 3.01, 0.38, 12.4, 5
6.8, 0.21, 0.27, 18.15, 0.042, 41.0, 146.0, 1.0001, 3.3, 0.36, 8.7, 5
5.7, 0.46, 0.46, 1.4, 0.04, 31.0, 169.0, 0.9932, 3.13, 0.47, 8.8, 5
7.0, 0.22, 0.39, 2.1, 0.055, 39.0, 198.0, 0.9951, 3.52, 0.54, 10.2, 6
5.9, 0.17, 0.3, 1.4, 0.042, 25.0, 119.0, 0.9931, 3.68, 0.72, 10.5, 6
6.8, 0.36, 0.32, 1.6, 0.039, 10.0, 124.0, 0.9948, 3.3, 0.67, 9.6, 5
7.5, 0.42, 0.14, 10.7, 0.046, 18.0, 95.0, 0.9959, 3.22, 0.33, 10.7, 5
7.5, 0.33, 0.32, 11.1, 0.036, 25.0, 119.0, 0.9962, 3.15, 0.34, 10.5, 6
7.9, 0.17, 0.32, 1.6, 0.053, 47.0, 150.0, 0.9948, 3.29, 0.76, 9.6, 6
7.2, 0.25, 0.19, 8.0, 0.044, 51.0, 172.0, 0.9964, 3.16, 0.44, 9.2, 5
5.3, 0.76, 0.03, 2.7, 0.043, 27.0, 93.0, 0.9932, 3.34, 0.38, 9.2, 5
6.8, 0.28, 0.35, 2.3, 0.042, 16.0, 85.0, 0.9906, 3.19, 0.56, 12.4, 6
6.2, 0.34, 0.3, 11.1, 0.047, 28.0, 237.0, 0.9981, 3.18, 0.49, 8.7, 5
6.8, 0.32, 0.34, 6.0, 0.05, 5.0, 129.0, 0.9953, 3.19, 0.4, 9.1, 5
7.7, 0.23, 0.31, 10.7, 0.038, 59.0, 186.0, 0.9969, 3.12, 0.55, 9.5, 6
7.7, 0.23, 0.31, 10.7, 0.038, 59.0, 186.0, 0.9969, 3.12, 0.55, 9.5, 6
8.0, 0.16, 0.36, 1.5, 0.033, 14.0, 122.0, 0.9941, 3.2, 0.39, 10.3, 4
6.8, 0.25, 0.27, 10.7, 0.076, 47.0, 154.0, 0.9967, 3.05, 0.38, 9.0, 5
9.1, 0.33, 0.38, 1.7, 0.062, 50.5, 344.0, 0.9958, 3.1, 0.7, 9.5, 5
7.1, 0.22, 0.32, 16.9, 0.056, 49.0, 158.0, 0.9998, 3.37, 0.38, 9.6, 6
7.9, 0.18, 0.36, 5.9, 0.058, 31.0, 132.0, 0.995, 3.25, 0.52, 10.9, 6
7.2, 0.16, 0.26, 7.1, 0.054, 41.0, 224.0, 0.9966, 3.38, 0.55, 10.1, 5
7.7, 0.28, 0.35, 15.3, 0.056, 31.0, 117.0, 0.9998, 3.27, 0.5, 9.6, 5
7.7, 0.28, 0.35, 15.3, 0.056, 31.0, 117.0, 0.9998, 3.27, 0.5, 9.6, 5
6.5, 0.14, 0.32, 2.7, 0.037, 18.0, 89.0, 0.9924, 3.4, 0.74, 11.5, 7
8.2, 0.21, 0.32, 10.65, 0.053, 53.0, 145.0, 0.9972, 3.17, 0.48, 10.2, 6
7.8, 0.29, 0.33, 8.75, 0.035, 33.0, 181.0, 0.9962, 3.11, 0.46, 10.7, 5
6.3, 0.24, 0.37, 1.8, 0.031, 6.0, 61.0, 0.9897, 3.3, 0.34, 12.2, 4
8.4, 0.22, 0.28, 18.8, 0.028, 55.0, 130.0, 0.998, 2.96, 0.35, 11.6, 5
7.0, 0.35, 0.31, 1.8, 0.069, 15.0, 162.0, 0.9944, 3.18, 0.47, 9.4, 5
7.4, 0.19, 0.3, 12.8, 0.053, 48.5, 229.0, 0.9986, 3.14, 0.49, 9.1, 7
6.9, 0.32, 0.13, 7.8, 0.042, 11.0, 117.0, 0.996, 3.23, 0.37, 9.2, 5
7.4, 0.19, 0.3, 12.8, 0.053, 48.5, 229.0, 0.9986, 3.14, 0.49, 9.1, 7
7.7, 0.24, 0.31, 1.3, 0.047, 33.0, 106.0, 0.993, 3.22, 0.55, 10.8, 6
7.4, 0.29, 0.25, 3.8, 0.044, 30.0, 114.0, 0.992, 3.11, 0.4, 11.0, 6
6.6, 0.32, 0.27, 10.9, 0.041, 37.0, 146.0, 0.9963, 3.24, 0.47, 10.0, 5
6.3, 0.3, 0.24, 6.6, 0.04, 38.0, 141.0, 0.995, 3.22, 0.47, 9.5, 5
6.8, 0.25, 0.18, 1.4, 0.056, 13.0, 137.0, 0.9935, 3.11, 0.42, 9.5, 5
7.1, 0.18, 0.32, 12.2, 0.048, 36.0, 125.0, 0.9967, 2.92, 0.54, 9.4, 6
6.8, 0.25, 0.18, 1.4, 0.056, 13.0, 137.0, 0.9935, 3.11, 0.42, 9.5, 5
7.6, 0.27, 0.33, 2.0, 0.059, 19.0, 175.0, 0.9944, 3.22, 0.56, 9.9, 5
7.1, 0.26, 0.3, 2.0, 0.031, 13.0, 128.0, 0.9917, 3.19, 0.49, 11.4, 5
8.5, 0.28, 0.34, 13.8, 0.041, 32.0, 161.0, 0.9981, 3.13, 0.4, 9.9, 6
7.7, 0.28, 0.58, 12.1, 0.046, 60.0, 177.0, 0.9983, 3.08, 0.46, 8.9, 5
6.4, 0.34, 0.2, 14.9, 0.06, 37.0, 162.0, 0.9983, 3.13, 0.45, 9.0, 4
6.7, 0.23, 0.42, 11.2, 0.047, 52.0, 171.0, 0.99758, 3.54, 0.74, 10.4, 5
6.4, 0.34, 0.2, 14.9, 0.06, 37.0, 162.0, 0.9983, 3.13, 0.45, 9.0, 4
6.1, 0.15, 0.29, 6.2, 0.046, 39.0, 151.0, 0.99471, 3.6, 0.44, 10.6, 6
6.3, 0.27, 0.18, 7.7, 0.048, 45.0, 186.0, 0.9962, 3.23, 0.47, 9.0, 5
6.6, 0.19, 0.43, 10.9, 0.045, 53.0, 154.0, 0.99752, 3.52, 0.77, 10.4, 6
7.3, 0.19, 0.25, 1.4, 0.051, 41.0, 107.0, 0.99382, 3.53, 0.66, 10.5, 7
6.7, 0.31, 0.18, 7.7, 0.043, 57.0, 200.0, 0.99566, 3.17, 0.44, 9.4, 6
7.5, 0.42, 0.19, 6.9, 0.041, 62.0, 150.0, 0.99508, 3.23, 0.37, 10.0, 6
5.6, 0.295, 0.2, 2.2, 0.049, 18.0, 134.0, 0.99378, 3.21, 0.68, 10.0, 5
7.0, 0.19, 0.33, 6.3, 0.032, 42.0, 127.0, 0.99182, 3.31, 0.38, 12.2, 6
4.6, 0.445, 0.0, 1.4, 0.053, 11.0, 178.0, 0.99426, 3.79, 0.55, 10.2, 5
7.0, 0.35, 0.17, 1.1, 0.049, 7.0, 119.0, 0.99297, 3.13, 0.36, 9.7, 6
7.5, 0.23, 0.35, 17.8, 0.058, 128.0, 212.0, 1.00241, 3.44, 0.43, 8.9, 5
6.5, 0.28, 0.35, 9.8, 0.067, 61.0, 180.0, 0.9972, 3.15, 0.57, 9.0, 4
7.9, 0.25, 0.34, 11.4, 0.04, 53.0, 202.0, 0.99708, 3.11, 0.57, 9.6, 6
8.1, 0.25, 0.34, 10.1, 0.05, 30.0, 121.0, 0.99724, 3.17, 0.49, 10.1, 6
8.2, 0.25, 0.46, 3.75, 0.05, 14.0, 102.0, 0.99524, 3.28, 0.58, 9.7, 5
6.1, 0.16, 0.29, 6.0, 0.03, 29.0, 144.0, 0.99474, 3.68, 0.46, 10.7, 6
6.3, 0.1, 0.24, 6.0, 0.039, 25.0, 107.0, 0.99511, 3.59, 0.49, 10.5, 7
7.2, 0.2, 0.3, 2.0, 0.039, 43.0, 188.0, 0.9911, 3.3, 0.41, 12.0, 6
7.0, 0.32, 0.29, 4.9, 0.036, 41.0, 150.0, 0.99168, 3.38, 0.43, 12.2, 6
6.9, 0.15, 0.28, 4.4, 0.029, 14.0, 107.0, 0.99347, 3.24, 0.46, 10.4, 8
6.9, 0.3, 0.3, 1.3, 0.053, 24.0, 186.0, 0.99361, 3.29, 0.54, 9.9, 4
6.4, 0.17, 0.34, 1.5, 0.093, 43.0, 136.0, 0.9938, 3.25, 0.49, 9.6, 6
6.1, 0.16, 0.24, 1.4, 0.046, 17.0, 77.0, 0.99319, 3.66, 0.57, 10.3, 6
9.2, 0.16, 0.49, 2.0, 0.044, 18.0, 107.0, 0.99514, 3.1, 0.53, 10.2, 4
8.8, 0.33, 0.36, 2.1, 0.034, 19.0, 125.0, 0.99166, 2.96, 0.98, 12.7, 6
7.9, 0.44, 0.26, 4.45, 0.033, 23.0, 100.0, 0.99117, 3.17, 0.52, 12.7, 6
8.0, 0.27, 0.25, 19.1, 0.045, 50.0, 208.0, 1.00051, 3.05, 0.5, 9.2, 6
6.3, 0.38, 0.17, 8.8, 0.08, 50.0, 212.0, 0.99803, 3.47, 0.66, 9.4, 4
7.0, 0.16, 0.26, 6.85, 0.047, 30.0, 220.0, 0.99622, 3.38, 0.58, 10.1, 6
7.3, 0.815, 0.09, 11.4, 0.044, 45.0, 204.0, 0.99713, 3.15, 0.46, 9.0, 5
6.8, 0.26, 0.43, 11.75, 0.045, 53.0, 198.0, 0.9969, 3.26, 0.55, 9.5, 5
6.2, 0.44, 0.18, 7.7, 0.096, 28.0, 210.0, 0.99771, 3.56, 0.72, 9.2, 5
7.2, 0.24, 0.29, 3.0, 0.036, 17.0, 117.0, 0.99411, 3.36, 0.68, 10.1, 6
6.2, 0.44, 0.18, 7.7, 0.096, 28.0, 210.0, 0.99771, 3.56, 0.72, 9.2, 5
6.4, 0.28, 0.17, 8.3, 0.042, 61.0, 195.0, 0.99577, 3.22, 0.46, 9.4, 5
8.3, 0.28, 0.27, 17.5, 0.045, 48.0, 253.0, 1.00014, 3.02, 0.56, 9.1, 6
6.9, 0.43, 0.28, 9.4, 0.056, 29.0, 183.0, 0.99594, 3.17, 0.43, 9.4, 5
7.6, 0.285, 0.32, 14.6, 0.063, 32.0, 201.0, 0.998, 3.0, 0.45, 9.2, 5
6.6, 0.26, 0.27, 1.5, 0.04, 19.0, 114.0, 0.99295, 3.36, 0.62, 10.5, 6
6.6, 0.56, 0.15, 10.0, 0.037, 38.0, 157.0, 0.99642, 3.28, 0.52, 9.4, 5
6.3, 0.2, 0.26, 1.6, 0.027, 36.0, 141.0, 0.99268, 3.53, 0.56, 10.8, 6
7.5, 0.27, 0.79, 11.95, 0.04, 51.0, 159.0, 0.99839, 2.98, 0.44, 8.7, 5
5.2, 0.16, 0.34, 0.8, 0.029, 26.0, 77.0, 0.99155, 3.25, 0.51, 10.1, 6
6.8, 0.34, 0.1, 1.4, 0.049, 29.0, 118.0, 0.9936, 3.21, 0.41, 9.5, 5
7.6, 0.25, 0.34, 1.3, 0.056, 34.0, 176.0, 0.99434, 3.1, 0.51, 9.5, 5
6.0, 0.29, 0.21, 15.55, 0.043, 20.0, 142.0, 0.99658, 3.11, 0.54, 10.1, 6
6.1, 0.28, 0.24, 19.95, 0.074, 32.0, 174.0, 0.99922, 3.19, 0.44, 9.3, 6
7.6, 0.31, 0.23, 12.7, 0.054, 20.0, 139.0, 0.99836, 3.16, 0.5, 9.7, 4
8.5, 0.3, 0.28, 3.1, 0.054, 54.0, 174.0, 0.99543, 3.21, 0.43, 9.4, 6
6.6, 0.26, 0.25, 11.6, 0.045, 45.0, 178.0, 0.99691, 3.33, 0.43, 9.8, 6
7.1, 0.12, 0.3, 3.1, 0.018, 15.0, 37.0, 0.99004, 3.02, 0.52, 11.9, 7
6.5, 0.18, 0.33, 1.4, 0.029, 35.0, 138.0, 0.99114, 3.36, 0.6, 11.5, 7
6.4, 0.16, 0.37, 1.5, 0.037, 27.0, 109.0, 0.99345, 3.38, 0.5, 9.8, 6
5.8, 0.3, 0.12, 1.6, 0.036, 57.0, 163.0, 0.99239, 3.38, 0.59, 10.5, 6
6.7, 0.54, 0.27, 7.1, 0.049, 8.0, 178.0, 0.99502, 3.16, 0.38, 9.4, 4
6.9, 0.32, 0.3, 1.8, 0.036, 28.0, 117.0, 0.99269, 3.24, 0.48, 11.0, 6
6.7, 0.5, 0.38, 7.5, 0.046, 26.0, 175.0, 0.99662, 3.32, 0.54, 9.6, 5
7.5, 0.2, 0.47, 16.9, 0.052, 51.0, 188.0, 0.99944, 3.09, 0.62, 9.3, 5
6.3, 0.13, 0.42, 1.1, 0.043, 63.0, 146.0, 0.99066, 3.13, 0.72, 11.2, 7
7.6, 0.23, 0.64, 12.9, 0.033, 54.0, 170.0, 0.998, 3.0, 0.53, 8.8, 5
6.4, 0.15, 0.44, 1.2, 0.043, 67.0, 150.0, 0.9907, 3.14, 0.73, 11.2, 7
6.9, 0.28, 0.22, 10.0, 0.052, 36.0, 131.0, 0.99696, 3.08, 0.46, 9.6, 5
6.9, 0.32, 0.26, 2.3, 0.03, 11.0, 103.0, 0.99106, 3.06, 0.42, 11.1, 6
6.9, 0.21, 0.24, 1.8, 0.021, 17.0, 80.0, 0.98992, 3.15, 0.46, 12.3, 7
6.6, 0.24, 0.28, 1.8, 0.028, 39.0, 132.0, 0.99182, 3.34, 0.46, 11.4, 5
6.3, 0.34, 0.36, 4.9, 0.035, 31.0, 185.0, 0.9946, 3.15, 0.49, 9.7, 5
6.8, 0.26, 0.24, 1.9, 0.043, 70.0, 154.0, 0.99273, 3.18, 0.52, 10.5, 5
6.7, 0.17, 0.42, 10.4, 0.038, 85.0, 182.0, 0.99628, 3.04, 0.44, 8.9, 6
5.8, 0.3, 0.27, 1.7, 0.014, 45.0, 104.0, 0.98914, 3.4, 0.56, 12.6, 7
6.9, 0.13, 0.28, 13.3, 0.05, 47.0, 132.0, 0.99655, 3.34, 0.42, 10.1, 6
7.3, 0.32, 0.29, 1.5, 0.038, 32.0, 144.0, 0.99296, 3.2, 0.55, 10.8, 5
7.1, 0.2, 0.3, 0.9, 0.019, 4.0, 28.0, 0.98931, 3.2, 0.36, 12.0, 6
6.5, 0.3, 0.39, 7.8, 0.038, 61.0, 219.0, 0.9959, 3.19, 0.5, 9.4, 5
6.6, 0.26, 0.21, 2.9, 0.026, 48.0, 126.0, 0.99089, 3.22, 0.38, 11.3, 7
6.5, 0.18, 0.41, 14.2, 0.039, 47.0, 129.0, 0.99678, 3.28, 0.72, 10.3, 7
7.8, 0.17, 0.23, 1.7, 0.029, 39.0, 128.0, 0.99272, 3.37, 0.41, 10.7, 7
7.6, 0.23, 0.4, 5.2, 0.066, 14.0, 91.0, 0.99488, 3.17, 0.8, 9.7, 5
8.1, 0.33, 0.22, 5.2, 0.047, 24.0, 151.0, 0.99527, 3.22, 0.47, 10.3, 5
7.0, 0.34, 0.39, 6.9, 0.066, 43.0, 162.0, 0.99561, 3.11, 0.53, 9.5, 5
6.8, 0.26, 0.4, 7.5, 0.046, 45.0, 179.0, 0.99583, 3.2, 0.49, 9.3, 5
5.9, 0.34, 0.31, 2.0, 0.03, 38.0, 142.0, 0.98892, 3.4, 0.41, 12.9, 7
7.9, 0.37, 0.31, 2.85, 0.037, 5.0, 24.0, 0.9911, 3.19, 0.36, 11.9, 6
7.2, 0.35, 0.25, 5.6, 0.032, 23.0, 120.0, 0.99334, 2.93, 0.66, 10.3, 7
7.1, 0.31, 0.17, 1.0, 0.042, 21.0, 144.0, 0.99304, 3.13, 0.4, 9.6, 5
6.6, 0.24, 0.38, 8.0, 0.042, 56.0, 187.0, 0.99577, 3.21, 0.46, 9.2, 5
6.9, 0.3, 0.25, 3.3, 0.041, 26.0, 124.0, 0.99428, 3.18, 0.5, 9.3, 6
6.9, 0.31, 0.32, 1.2, 0.024, 20.0, 166.0, 0.99208, 3.05, 0.54, 9.8, 6
6.2, 0.28, 0.27, 10.3, 0.03, 26.0, 108.0, 0.99388, 3.2, 0.36, 10.7, 6
6.5, 0.22, 0.5, 16.4, 0.048, 36.0, 182.0, 0.99904, 3.02, 0.49, 8.8, 6
7.8, 0.25, 0.34, 13.7, 0.044, 66.0, 184.0, 0.99976, 3.22, 0.75, 8.9, 5
7.5, 0.18, 0.31, 6.5, 0.029, 53.0, 160.0, 0.99276, 3.03, 0.38, 10.9, 6
7.5, 0.26, 0.3, 4.6, 0.027, 29.0, 92.0, 0.99085, 3.15, 0.38, 12.0, 7
7.5, 0.18, 0.31, 6.5, 0.029, 53.0, 160.0, 0.99276, 3.03, 0.38, 10.9, 6
6.5, 0.17, 0.31, 1.5, 0.041, 34.0, 121.0, 0.99092, 3.06, 0.46, 10.5, 6
6.5, 0.35, 0.28, 12.4, 0.051, 86.0, 213.0, 0.9962, 3.16, 0.51, 9.9, 6
7.4, 0.2, 0.28, 9.1, 0.047, 29.0, 95.0, 0.99532, 3.16, 0.47, 9.8, 7
6.8, 0.32, 0.28, 4.8, 0.034, 25.0, 100.0, 0.99026, 3.08, 0.47, 12.4, 7
6.9, 0.615, 0.42, 12.0, 0.067, 24.0, 131.0, 0.99727, 3.19, 0.34, 9.3, 5
6.8, 0.17, 0.36, 1.4, 0.036, 38.0, 108.0, 0.99006, 3.19, 0.66, 12.0, 6
7.7, 0.16, 0.36, 5.9, 0.054, 25.0, 148.0, 0.99578, 3.25, 0.54, 10.2, 6
7.6, 0.39, 0.32, 3.6, 0.035, 22.0, 93.0, 0.99144, 3.08, 0.6, 12.5, 7
7.6, 0.39, 0.32, 3.6, 0.035, 22.0, 93.0, 0.99144, 3.08, 0.6, 12.5, 7
6.2, 0.235, 0.34, 1.9, 0.036, 4.0, 117.0, 0.99032, 3.4, 0.44, 12.2, 5
7.1, 0.2, 0.31, 6.85, 0.053, 32.0, 211.0, 0.99587, 3.31, 0.59, 10.4, 6
6.9, 0.4, 0.42, 6.2, 0.066, 41.0, 176.0, 0.99552, 3.12, 0.54, 9.4, 5
6.6, 0.25, 0.51, 8.0, 0.047, 61.0, 189.0, 0.99604, 3.22, 0.49, 9.2, 5
6.4, 0.14, 0.31, 1.2, 0.034, 53.0, 138.0, 0.99084, 3.38, 0.35, 11.5, 7
8.0, 0.22, 0.31, 5.6, 0.049, 24.0, 97.0, 0.993, 3.1, 0.42, 10.9, 5
6.9, 0.15, 0.29, 2.3, 0.033, 14.0, 82.0, 0.99132, 3.1, 0.58, 11.2, 7
6.6, 0.31, 0.07, 1.5, 0.033, 55.0, 144.0, 0.99208, 3.16, 0.42, 10.0, 5
6.4, 0.21, 0.28, 5.9, 0.047, 29.0, 101.0, 0.99278, 3.15, 0.4, 11.0, 6
6.9, 0.33, 0.26, 5.0, 0.027, 46.0, 143.0, 0.9924, 3.25, 0.43, 11.2, 7
6.7, 0.15, 0.38, 1.7, 0.037, 20.0, 84.0, 0.99046, 3.09, 0.53, 11.4, 6
5.8, 0.21, 0.32, 1.6, 0.045, 38.0, 95.0, 0.98946, 3.23, 0.94, 12.4, 8
7.0, 0.24, 0.3, 6.7, 0.039, 37.0, 125.0, 0.99436, 3.2, 0.39, 9.9, 5
6.6, 0.41, 0.31, 1.6, 0.042, 18.0, 101.0, 0.99195, 3.13, 0.41, 10.5, 5
6.2, 0.16, 0.34, 1.7, 0.038, 85.0, 153.0, 0.9909, 3.33, 0.86, 12.0, 7
6.4, 0.25, 0.32, 0.9, 0.034, 40.0, 114.0, 0.99114, 3.31, 0.58, 10.8, 7
6.2, 0.36, 0.14, 8.9, 0.036, 38.0, 155.0, 0.99622, 3.27, 0.5, 9.4, 5
6.0, 0.44, 0.26, 3.1, 0.053, 57.0, 128.0, 0.98982, 3.22, 0.39, 12.7, 6
6.6, 0.22, 0.29, 14.4, 0.046, 39.0, 118.0, 0.99834, 3.05, 0.5, 9.1, 6
5.2, 0.155, 0.33, 1.6, 0.028, 13.0, 59.0, 0.98975, 3.3, 0.84, 11.9, 8
6.6, 0.22, 0.29, 14.4, 0.046, 39.0, 118.0, 0.99834, 3.05, 0.5, 9.1, 6
5.2, 0.17, 0.27, 0.7, 0.03, 11.0, 68.0, 0.99218, 3.3, 0.41, 9.8, 5
7.7, 0.25, 0.3, 7.8, 0.038, 67.0, 196.0, 0.99555, 3.1, 0.5, 10.1, 5
7.0, 0.12, 0.29, 10.3, 0.039, 41.0, 98.0, 0.99564, 3.19, 0.38, 9.8, 8
6.8, 0.26, 0.46, 8.3, 0.037, 49.0, 173.0, 0.99601, 3.17, 0.47, 9.3, 5
7.1, 0.29, 0.34, 7.8, 0.036, 49.0, 128.0, 0.99397, 3.21, 0.4, 10.7, 6
5.1, 0.29, 0.28, 8.3, 0.026, 27.0, 107.0, 0.99308, 3.36, 0.37, 11.0, 6
6.8, 0.26, 0.48, 6.2, 0.049, 55.0, 182.0, 0.99582, 3.21, 0.45, 9.4, 6
6.0, 0.28, 0.52, 5.0, 0.078, 30.0, 139.0, 0.99494, 3.1, 0.36, 9.0, 6
7.2, 0.2, 0.22, 1.6, 0.044, 17.0, 101.0, 0.99471, 3.37, 0.53, 10.0, 5
7.5, 0.38, 0.29, 4.9, 0.021, 38.0, 113.0, 0.99026, 3.08, 0.48, 13.0, 7
8.4, 0.31, 0.31, 0.95, 0.021, 52.0, 148.0, 0.99038, 2.93, 0.32, 11.5, 5
7.5, 0.19, 0.4, 7.1, 0.056, 50.0, 110.0, 0.9954, 3.06, 0.52, 9.9, 6
6.9, 0.3, 0.3, 10.55, 0.037, 4.0, 28.0, 0.99184, 3.07, 0.32, 12.7, 6
6.7, 0.18, 0.28, 10.2, 0.039, 29.0, 115.0, 0.99469, 3.11, 0.45, 10.9, 7
5.0, 0.27, 0.32, 4.5, 0.032, 58.0, 178.0, 0.98956, 3.45, 0.31, 12.6, 7
6.8, 0.18, 0.28, 9.8, 0.039, 29.0, 113.0, 0.99406, 3.11, 0.45, 10.9, 7
6.8, 0.18, 0.28, 9.8, 0.039, 29.0, 113.0, 0.99406, 3.11, 0.45, 10.9, 7
6.3, 0.37, 0.28, 6.3, 0.034, 45.0, 152.0, 0.9921, 3.29, 0.46, 11.6, 7
6.9, 0.3, 0.36, 0.9, 0.037, 40.0, 156.0, 0.98968, 3.08, 0.36, 12.1, 6
6.2, 0.16, 0.32, 1.1, 0.036, 74.0, 184.0, 0.99096, 3.22, 0.41, 11.0, 6
5.0, 0.27, 0.32, 4.5, 0.032, 58.0, 178.0, 0.98956, 3.45, 0.31, 12.6, 7
6.8, 0.27, 0.29, 4.6, 0.046, 6.0, 88.0, 0.99458, 3.34, 0.48, 10.6, 4
8.0, 0.74, 0.21, 4.0, 0.05, 24.0, 133.0, 0.99418, 3.06, 0.38, 9.7, 5
8.4, 0.22, 0.3, 8.9, 0.024, 17.0, 118.0, 0.99456, 2.99, 0.34, 10.5, 6
7.4, 0.32, 0.22, 11.7, 0.035, 44.0, 150.0, 0.99578, 3.1, 0.45, 10.4, 5
7.1, 0.47, 0.29, 14.8, 0.024, 22.0, 142.0, 0.99518, 3.12, 0.48, 12.0, 8
5.8, 0.19, 0.25, 10.8, 0.042, 33.0, 124.0, 0.99646, 3.22, 0.41, 9.2, 6
6.8, 0.24, 0.38, 8.3, 0.045, 50.0, 185.0, 0.99578, 3.15, 0.5, 9.5, 6
7.6, 0.17, 0.36, 4.5, 0.042, 26.0, 102.0, 0.99427, 3.09, 0.47, 9.5, 5
6.2, 0.25, 0.38, 7.9, 0.045, 54.0, 208.0, 0.99572, 3.17, 0.46, 9.1, 5
8.5, 0.19, 0.48, 1.1, 0.026, 23.0, 58.0, 0.99184, 2.9, 0.5, 10.5, 6
7.0, 0.15, 0.38, 15.3, 0.045, 54.0, 120.0, 0.9975, 3.18, 0.42, 9.8, 6
6.1, 0.18, 0.38, 2.3, 0.033, 28.0, 111.0, 0.98962, 3.16, 0.49, 12.4, 6
7.0, 0.53, 0.43, 6.1, 0.029, 6.0, 76.0, 0.99118, 3.08, 0.5, 12.5, 8
6.5, 0.36, 0.38, 10.2, 0.028, 20.0, 82.0, 0.99274, 3.1, 0.43, 12.1, 7
6.7, 0.24, 0.41, 2.9, 0.039, 48.0, 122.0, 0.99052, 3.25, 0.43, 12.0, 5
8.5, 0.19, 0.48, 1.1, 0.026, 23.0, 58.0, 0.99184, 2.9, 0.5, 10.5, 6
6.2, 0.25, 0.54, 7.0, 0.046, 58.0, 176.0, 0.99454, 3.19, 0.7, 10.4, 5
8.5, 0.23, 0.4, 9.9, 0.036, 24.0, 88.0, 0.9951, 3.02, 0.42, 10.5, 6
6.2, 0.36, 0.38, 3.2, 0.031, 20.0, 89.0, 0.98956, 3.06, 0.33, 12.0, 7
7.6, 0.35, 0.46, 14.7, 0.047, 33.0, 151.0, 0.99709, 3.03, 0.53, 10.3, 5
6.5, 0.23, 0.39, 1.9, 0.036, 41.0, 98.0, 0.99, 3.19, 0.43, 11.9, 7
6.3, 0.17, 0.32, 4.2, 0.04, 37.0, 117.0, 0.99182, 3.24, 0.43, 11.3, 6
5.9, 0.28, 0.39, 1.4, 0.031, 47.0, 147.0, 0.98836, 3.08, 0.64, 12.9, 7
5.8, 0.29, 0.33, 3.7, 0.029, 30.0, 88.0, 0.98994, 3.25, 0.42, 12.3, 6
7.2, 0.4, 0.38, 2.2, 0.03, 40.0, 109.0, 0.99075, 3.27, 0.46, 12.6, 6
6.5, 0.34, 0.46, 1.0, 0.023, 6.0, 80.0, 0.98865, 3.15, 0.54, 12.9, 6
7.8, 0.3, 0.36, 4.6, 0.024, 20.0, 198.0, 0.99222, 3.06, 0.66, 11.9, 6
7.6, 0.17, 0.46, 0.9, 0.036, 63.0, 147.0, 0.99126, 3.02, 0.41, 10.7, 6
8.3, 0.16, 0.37, 7.9, 0.025, 38.0, 107.0, 0.99306, 2.93, 0.37, 11.9, 6
6.2, 0.1, 0.41, 1.0, 0.04, 17.0, 76.0, 0.98988, 3.14, 0.56, 11.4, 7
6.5, 0.21, 0.4, 7.3, 0.041, 49.0, 115.0, 0.99268, 3.21, 0.43, 11.0, 6
6.8, 0.21, 0.4, 6.3, 0.032, 40.0, 121.0, 0.99214, 3.18, 0.53, 12.0, 7
5.2, 0.31, 0.36, 5.1, 0.031, 46.0, 145.0, 0.9897, 3.14, 0.31, 12.4, 7
6.8, 0.28, 0.34, 7.5, 0.035, 34.0, 177.0, 0.99692, 3.33, 0.43, 9.1, 5
6.8, 0.45, 0.36, 5.0, 0.033, 28.0, 156.0, 0.991, 3.11, 0.4, 12.4, 7
8.2, 0.3, 0.44, 12.4, 0.043, 52.0, 154.0, 0.99452, 3.04, 0.33, 12.0, 6
6.8, 0.27, 0.37, 8.2, 0.055, 52.0, 192.0, 0.99586, 3.11, 0.52, 9.5, 6
6.9, 0.22, 0.39, 6.0, 0.035, 44.0, 141.0, 0.99123, 3.11, 0.33, 12.5, 6
6.6, 0.34, 0.24, 3.3, 0.034, 29.0, 99.0, 0.99031, 3.1, 0.4, 12.3, 7
6.7, 0.13, 0.45, 4.2, 0.043, 52.0, 131.0, 0.99162, 3.06, 0.54, 11.3, 6
5.3, 0.3, 0.16, 4.2, 0.029, 37.0, 100.0, 0.9905, 3.3, 0.36, 11.8, 8
7.4, 0.19, 0.31, 14.5, 0.045, 39.0, 193.0, 0.9986, 3.1, 0.5, 9.2, 6
6.5, 0.26, 0.31, 3.6, 0.03, 36.0, 92.0, 0.99026, 3.22, 0.62, 12.6, 8
7.5, 0.33, 0.36, 2.6, 0.051, 26.0, 126.0, 0.99097, 3.32, 0.53, 12.7, 6
6.6, 0.38, 0.36, 9.2, 0.061, 42.0, 214.0, 0.9976, 3.31, 0.56, 9.4, 5
6.6, 0.23, 0.3, 4.6, 0.06, 29.0, 154.0, 0.99142, 3.23, 0.49, 12.2, 8
6.6, 0.38, 0.36, 9.2, 0.061, 42.0, 214.0, 0.9976, 3.31, 0.56, 9.4, 5
6.6, 0.2, 0.14, 4.4, 0.184, 35.0, 168.0, 0.99396, 2.93, 0.45, 9.4, 6
7.8, 0.25, 0.37, 1.0, 0.043, 10.0, 80.0, 0.99128, 3.08, 0.38, 11.4, 5
6.8, 0.17, 0.35, 1.8, 0.04, 29.0, 84.0, 0.98961, 2.91, 0.57, 12.0, 7
6.8, 0.32, 0.32, 8.7, 0.029, 31.0, 105.0, 0.99146, 3.0, 0.34, 12.3, 7
6.6, 0.24, 0.28, 6.7, 0.032, 26.0, 91.0, 0.99172, 3.13, 0.32, 12.3, 6
6.3, 0.22, 0.34, 5.0, 0.032, 36.0, 93.0, 0.99012, 3.27, 0.36, 13.5, 7
6.0, 0.32, 0.3, 1.9, 0.033, 41.0, 142.0, 0.98912, 3.29, 0.42, 12.8, 7
6.3, 0.3, 0.29, 2.1, 0.048, 33.0, 142.0, 0.98956, 3.22, 0.46, 12.9, 7
5.8, 0.18, 0.37, 1.1, 0.036, 31.0, 96.0, 0.98942, 3.16, 0.48, 12.0, 6
5.6, 0.32, 0.32, 8.3, 0.043, 32.0, 105.0, 0.99266, 3.24, 0.47, 11.2, 6
6.6, 0.16, 0.35, 1.8, 0.042, 26.0, 105.0, 0.98962, 3.19, 0.75, 12.4, 7
6.9, 0.17, 0.3, 2.0, 0.047, 13.0, 117.0, 0.99152, 3.16, 0.51, 11.6, 6
5.8, 0.17, 0.36, 1.3, 0.036, 11.0, 70.0, 0.99202, 3.43, 0.68, 10.4, 7
6.7, 0.21, 0.34, 1.4, 0.049, 36.0, 112.0, 0.99091, 3.02, 0.5, 11.0, 6
6.8, 0.23, 0.32, 8.6, 0.046, 47.0, 159.0, 0.99452, 3.08, 0.52, 10.5, 6
5.1, 0.165, 0.22, 5.7, 0.047, 42.0, 146.0, 0.9934, 3.18, 0.55, 9.9, 6
6.6, 0.425, 0.25, 2.35, 0.034, 23.0, 87.0, 0.99082, 3.05, 0.41, 11.4, 6
6.9, 0.38, 0.29, 13.65, 0.048, 52.0, 189.0, 0.99784, 3.0, 0.6, 9.5, 6
6.5, 0.26, 0.32, 6.65, 0.059, 34.0, 104.0, 0.99254, 3.18, 0.42, 11.1, 5
6.7, 0.18, 0.24, 10.3, 0.057, 64.0, 185.0, 0.99519, 3.12, 0.5, 10.6, 6
6.6, 0.16, 0.21, 6.7, 0.055, 43.0, 157.0, 0.99384, 3.15, 0.52, 10.8, 6
6.7, 0.36, 0.28, 8.3, 0.034, 29.0, 81.0, 0.99151, 2.96, 0.39, 12.5, 6
6.5, 0.43, 0.28, 11.25, 0.032, 31.0, 87.0, 0.9922, 3.02, 0.38, 12.4, 6
6.2, 0.3, 0.21, 1.1, 0.032, 31.0, 111.0, 0.9889, 2.97, 0.42, 12.2, 6
6.0, 0.29, 0.25, 1.4, 0.033, 30.0, 114.0, 0.98794, 3.08, 0.43, 13.2, 6
7.0, 0.4, 0.25, 1.8, 0.05, 51.0, 189.0, 0.99174, 3.0, 0.55, 11.4, 6
6.5, 0.28, 0.34, 3.6, 0.04, 29.0, 121.0, 0.99111, 3.28, 0.48, 12.1, 7
6.4, 0.22, 0.32, 4.9, 0.046, 50.0, 156.0, 0.99316, 3.38, 0.55, 11.2, 6
6.8, 0.23, 0.3, 6.95, 0.044, 42.0, 179.0, 0.9946, 3.25, 0.56, 10.6, 6
6.9, 0.28, 0.3, 8.3, 0.026, 37.0, 113.0, 0.99139, 2.99, 0.38, 12.3, 8
8.0, 0.28, 0.3, 8.4, 0.03, 35.0, 115.0, 0.99192, 2.93, 0.42, 12.3, 6
6.3, 0.19, 0.29, 5.5, 0.042, 44.0, 189.0, 0.99304, 3.19, 0.47, 10.3, 6
5.8, 0.18, 0.28, 1.3, 0.034, 9.0, 94.0, 0.99092, 3.21, 0.52, 11.2, 6
5.8, 0.15, 0.32, 1.2, 0.037, 14.0, 119.0, 0.99137, 3.19, 0.5, 10.2, 6
6.2, 0.23, 0.35, 0.7, 0.051, 24.0, 111.0, 0.9916, 3.37, 0.43, 11.0, 3
8.9, 0.3, 0.35, 4.6, 0.032, 32.0, 148.0, 0.99458, 3.15, 0.45, 11.5, 7
6.1, 0.3, 0.3, 2.1, 0.031, 50.0, 163.0, 0.9895, 3.39, 0.43, 12.7, 7
6.4, 0.32, 0.27, 4.9, 0.034, 18.0, 122.0, 0.9916, 3.36, 0.71, 12.5, 6
7.8, 0.29, 0.29, 3.15, 0.044, 41.0, 117.0, 0.99153, 3.24, 0.35, 11.5, 5
6.7, 0.4, 0.22, 8.8, 0.052, 24.0, 113.0, 0.99576, 3.22, 0.45, 9.4, 5
6.7, 0.4, 0.22, 8.8, 0.052, 24.0, 113.0, 0.99576, 3.22, 0.45, 9.4, 5
6.6, 0.15, 0.32, 6.0, 0.033, 59.0, 128.0, 0.99192, 3.19, 0.71, 12.1, 8
6.1, 0.105, 0.31, 1.3, 0.037, 55.0, 145.0, 0.9912, 3.41, 0.41, 11.1, 7
5.8, 0.32, 0.2, 2.6, 0.027, 17.0, 123.0, 0.98936, 3.36, 0.78, 13.9, 7
6.9, 0.29, 0.41, 7.8, 0.046, 52.0, 171.0, 0.99537, 3.12, 0.51, 9.6, 5
6.6, 0.24, 0.27, 10.3, 0.047, 54.0, 219.0, 0.99742, 3.04, 0.45, 8.8, 5
6.2, 0.36, 0.45, 10.4, 0.06, 22.0, 184.0, 0.99711, 3.31, 0.56, 9.8, 6
6.1, 0.36, 0.26, 8.15, 0.035, 14.0, 88.0, 0.99031, 3.06, 0.27, 13.0, 7
6.2, 0.37, 0.24, 6.1, 0.032, 19.0, 86.0, 0.98934, 3.04, 0.26, 13.4, 8
6.5, 0.22, 0.19, 1.1, 0.064, 36.0, 191.0, 0.99297, 3.05, 0.5, 9.5, 6
6.7, 0.28, 0.31, 7.4, 0.041, 7.0, 81.0, 0.99254, 3.04, 0.47, 11.4, 8
6.0, 0.28, 0.27, 15.5, 0.036, 31.0, 134.0, 0.99408, 3.19, 0.44, 13.0, 7
6.7, 0.24, 0.36, 8.4, 0.042, 42.0, 123.0, 0.99473, 3.34, 0.52, 10.9, 6
6.0, 0.2, 0.32, 3.0, 0.031, 26.0, 118.0, 0.99134, 3.38, 0.68, 11.2, 7
6.4, 0.26, 0.25, 10.7, 0.046, 66.0, 179.0, 0.99606, 3.17, 0.55, 9.9, 6
7.7, 0.38, 0.23, 10.8, 0.03, 28.0, 95.0, 0.99164, 2.93, 0.41, 13.6, 6
6.6, 0.29, 0.29, 1.8, 0.036, 38.0, 102.0, 0.98819, 3.08, 0.42, 13.7, 7
7.2, 0.31, 0.35, 7.2, 0.046, 45.0, 178.0, 0.9955, 3.14, 0.53, 9.7, 5
6.4, 0.28, 0.44, 7.1, 0.048, 49.0, 179.0, 0.99528, 3.15, 0.48, 9.2, 5
6.4, 0.28, 0.44, 7.1, 0.048, 49.0, 179.0, 0.99528, 3.15, 0.48, 9.2, 5
7.2, 0.27, 0.31, 1.2, 0.031, 27.0, 80.0, 0.98892, 3.03, 0.33, 12.7, 6
6.0, 0.33, 0.2, 1.8, 0.031, 49.0, 159.0, 0.9919, 3.41, 0.53, 11.0, 6
7.3, 0.2, 0.29, 19.5, 0.039, 69.0, 237.0, 1.00037, 3.1, 0.48, 9.2, 6
7.2, 0.14, 0.32, 1.1, 0.022, 48.0, 116.0, 0.99218, 3.04, 0.67, 10.0, 6
5.7, 0.22, 0.22, 16.65, 0.044, 39.0, 110.0, 0.99855, 3.24, 0.48, 9.0, 6
5.7, 0.22, 0.22, 16.65, 0.044, 39.0, 110.0, 0.99855, 3.24, 0.48, 9.0, 6
5.7, 0.22, 0.22, 16.65, 0.044, 39.0, 110.0, 0.99855, 3.24, 0.48, 9.0, 6
7.8, 0.15, 0.34, 1.1, 0.035, 31.0, 93.0, 0.99096, 3.07, 0.72, 11.3, 7
6.7, 0.22, 0.22, 1.2, 0.038, 5.0, 124.0, 0.99098, 3.1, 0.37, 11.2, 4
7.4, 0.25, 0.28, 7.25, 0.028, 14.0, 78.0, 0.99238, 2.94, 0.37, 11.5, 7
5.8, 0.28, 0.28, 4.2, 0.044, 52.0, 158.0, 0.992, 3.35, 0.44, 10.7, 7
6.8, 0.19, 0.71, 17.5, 0.042, 21.0, 114.0, 0.99784, 2.85, 0.5, 9.5, 6
6.8, 0.19, 0.32, 7.6, 0.049, 37.0, 107.0, 0.99332, 3.12, 0.44, 10.7, 7
7.2, 0.16, 0.29, 1.0, 0.031, 40.0, 123.0, 0.98958, 3.12, 0.4, 12.1, 7
6.8, 0.12, 0.3, 12.9, 0.049, 32.0, 88.0, 0.99654, 3.2, 0.35, 9.9, 6
6.7, 0.35, 0.48, 8.8, 0.056, 35.0, 167.0, 0.99628, 3.04, 0.47, 9.4, 5
7.7, 0.32, 0.61, 11.8, 0.041, 66.0, 188.0, 0.99794, 3.0, 0.54, 9.3, 5
7.1, 0.27, 0.24, 12.6, 0.044, 48.0, 118.0, 0.99726, 3.04, 0.56, 10.0, 7
6.6, 0.36, 0.28, 6.1, 0.029, 12.0, 93.0, 0.99054, 3.19, 0.27, 12.8, 7
6.4, 0.37, 0.2, 5.6, 0.117, 61.0, 183.0, 0.99459, 3.24, 0.43, 9.5, 5
7.6, 0.31, 0.27, 8.8, 0.021, 57.0, 156.0, 0.99442, 3.08, 0.38, 11.0, 7
6.5, 0.26, 0.39, 1.4, 0.02, 12.0, 66.0, 0.99089, 3.25, 0.75, 11.3, 7
6.8, 0.19, 0.33, 4.9, 0.047, 42.0, 130.0, 0.99283, 3.12, 0.56, 11.0, 6
6.4, 0.29, 0.24, 3.2, 0.037, 31.0, 95.0, 0.98942, 2.9, 0.66, 12.6, 7
6.3, 0.32, 0.17, 17.75, 0.06, 51.0, 190.0, 0.99916, 3.13, 0.48, 8.8, 6
6.6, 0.085, 0.33, 1.4, 0.036, 17.0, 109.0, 0.99306, 3.27, 0.61, 9.5, 6
5.4, 0.53, 0.16, 2.7, 0.036, 34.0, 128.0, 0.98856, 3.2, 0.53, 13.2, 8
7.3, 0.41, 0.29, 1.8, 0.032, 26.0, 74.0, 0.98889, 2.96, 0.35, 13.0, 8
5.4, 0.3, 0.3, 1.2, 0.029, 25.0, 93.0, 0.98742, 3.31, 0.4, 13.6, 7
5.3, 0.3, 0.3, 1.2, 0.029, 25.0, 93.0, 0.98742, 3.31, 0.4, 13.6, 7
6.9, 0.58, 0.58, 8.2, 0.032, 29.0, 169.0, 0.99275, 3.28, 0.44, 12.2, 6
6.8, 0.15, 0.41, 12.9, 0.044, 79.5, 183.0, 0.99742, 3.24, 0.78, 10.2, 6
7.0, 0.22, 0.26, 9.2, 0.027, 37.0, 122.0, 0.99228, 3.06, 0.34, 12.5, 8
6.8, 0.31, 0.3, 8.0, 0.028, 33.0, 122.0, 0.99164, 3.13, 0.63, 12.6, 7
7.2, 0.23, 0.25, 18.8, 0.085, 19.0, 111.0, 1.00044, 3.1, 0.51, 8.7, 5
7.0, 0.3, 0.27, 1.5, 0.076, 24.0, 145.0, 0.99344, 3.1, 0.52, 10.1, 5
6.6, 0.26, 0.22, 18.15, 0.05, 23.0, 139.0, 0.99904, 3.06, 0.5, 9.2, 5
7.5, 0.24, 0.31, 13.1, 0.05, 26.0, 180.0, 0.99884, 3.05, 0.53, 9.1, 6
6.8, 0.22, 0.26, 1.2, 0.041, 29.0, 182.0, 0.99104, 3.04, 0.35, 11.2, 5
7.7, 0.31, 0.23, 2.0, 0.069, 29.0, 134.0, 0.99382, 3.11, 0.62, 9.8, 5
5.7, 0.265, 0.28, 6.9, 0.036, 46.0, 150.0, 0.99299, 3.36, 0.44, 10.8, 7
6.6, 0.26, 0.28, 9.4, 0.028, 13.0, 121.0, 0.99254, 3.17, 0.34, 12.1, 6
4.8, 0.17, 0.28, 2.9, 0.03, 22.0, 111.0, 0.9902, 3.38, 0.34, 11.3, 7
6.2, 0.22, 0.2, 20.8, 0.035, 58.0, 184.0, 1.00022, 3.11, 0.53, 9.0, 6
7.0, 0.34, 0.26, 10.3, 0.041, 51.0, 166.0, 0.99382, 3.08, 0.35, 11.6, 6
6.5, 0.32, 0.48, 8.0, 0.026, 18.0, 88.0, 0.99144, 3.22, 0.79, 12.7, 4
5.5, 0.17, 0.23, 2.9, 0.039, 10.0, 108.0, 0.99243, 3.28, 0.5, 10.0, 5
5.5, 0.17, 0.23, 2.9, 0.039, 10.0, 108.0, 0.99243, 3.28, 0.5, 10.0, 5
7.8, 0.2, 0.32, 5.0, 0.016, 31.0, 101.0, 0.99186, 2.99, 0.39, 11.0, 6
6.1, 0.17, 0.28, 2.5, 0.028, 22.0, 98.0, 0.99072, 3.16, 0.37, 11.1, 7
6.7, 0.39, 0.24, 2.7, 0.017, 22.0, 80.0, 0.99084, 3.03, 0.37, 11.5, 5
6.9, 0.4, 0.17, 12.9, 0.033, 59.0, 186.0, 0.99754, 3.08, 0.49, 9.4, 5
6.3, 0.24, 0.29, 13.7, 0.035, 53.0, 134.0, 0.99567, 3.17, 0.38, 10.6, 6
6.5, 0.32, 0.45, 7.7, 0.022, 31.0, 97.0, 0.99134, 3.2, 0.7, 12.7, 7
7.4, 0.25, 0.29, 6.8, 0.02, 31.0, 113.0, 0.99338, 3.13, 0.29, 10.8, 6
7.6, 0.27, 0.3, 9.2, 0.018, 23.0, 96.0, 0.9938, 3.08, 0.29, 11.0, 6
6.4, 0.27, 0.45, 8.3, 0.05, 52.0, 196.0, 0.9955, 3.18, 0.48, 9.5, 5
5.6, 0.19, 0.31, 2.7, 0.027, 11.0, 100.0, 0.98964, 3.46, 0.4, 13.2, 7
7.0, 0.39, 0.21, 10.7, 0.098, 13.0, 91.0, 0.99657, 3.03, 0.47, 9.3, 5
6.8, 0.26, 0.34, 15.1, 0.06, 42.0, 162.0, 0.99705, 3.24, 0.52, 10.5, 3
7.2, 0.28, 0.38, 2.0, 0.052, 23.0, 156.0, 0.9912, 3.13, 0.52, 11.1, 5
7.9, 0.21, 0.39, 2.0, 0.057, 21.0, 138.0, 0.99176, 3.05, 0.52, 10.9, 5
6.3, 0.43, 0.32, 8.8, 0.042, 18.0, 106.0, 0.99172, 3.28, 0.33, 12.9, 7
6.8, 0.41, 0.3, 8.8, 0.045, 28.0, 131.0, 0.9953, 3.12, 0.59, 9.9, 5
6.3, 0.4, 0.24, 5.1, 0.036, 43.0, 131.0, 0.99186, 3.24, 0.44, 11.3, 6
7.0, 0.33, 0.28, 5.7, 0.033, 39.0, 204.0, 0.99176, 3.17, 0.64, 12.5, 6
7.3, 0.24, 0.3, 2.5, 0.042, 31.0, 104.0, 0.9911, 3.05, 0.56, 11.3, 7
6.7, 0.46, 0.21, 4.0, 0.034, 12.0, 88.0, 0.99016, 3.26, 0.54, 13.0, 6
4.8, 0.26, 0.23, 10.6, 0.034, 23.0, 111.0, 0.99274, 3.46, 0.28, 11.5, 7
6.7, 0.37, 0.25, 2.5, 0.028, 24.0, 84.0, 0.9909, 3.14, 0.36, 11.7, 6
6.4, 0.32, 0.23, 16.2, 0.055, 36.0, 176.0, 0.9986, 3.26, 0.54, 9.1, 5
7.1, 0.39, 0.79, 1.4, 0.194, 23.0, 90.0, 0.99212, 3.17, 0.46, 10.5, 6
6.0, 0.22, 0.25, 11.1, 0.056, 112.0, 177.0, 0.9961, 3.08, 0.36, 9.4, 6
7.1, 0.2, 0.37, 1.5, 0.049, 28.0, 129.0, 0.99226, 3.15, 0.52, 10.8, 5
7.0, 0.25, 0.33, 2.1, 0.021, 17.0, 76.0, 0.99021, 3.26, 0.45, 12.3, 6
8.5, 0.23, 0.34, 1.3, 0.035, 54.0, 110.0, 0.99176, 3.07, 0.55, 11.0, 7
6.2, 0.39, 0.24, 4.8, 0.037, 45.0, 138.0, 0.99174, 3.23, 0.43, 11.2, 7
6.2, 0.28, 0.51, 7.9, 0.056, 49.0, 206.0, 0.9956, 3.18, 0.52, 9.4, 5
6.6, 0.31, 0.28, 1.4, 0.035, 28.0, 107.0, 0.98836, 3.0, 0.4, 13.2, 6
6.6, 0.32, 0.47, 15.6, 0.063, 27.0, 173.0, 0.99872, 3.18, 0.56, 9.0, 5
6.9, 0.22, 0.28, 7.8, 0.05, 43.0, 116.0, 0.99326, 3.22, 0.6, 11.5, 8
7.0, 0.46, 0.2, 16.7, 0.046, 50.0, 184.0, 0.99898, 3.08, 0.56, 9.4, 5
5.7, 0.14, 0.3, 5.4, 0.045, 26.0, 105.0, 0.99469, 3.32, 0.45, 9.3, 5
4.9, 0.345, 0.34, 1.0, 0.068, 32.0, 143.0, 0.99138, 3.24, 0.4, 10.1, 5
7.0, 0.16, 0.3, 2.6, 0.043, 34.0, 90.0, 0.99047, 2.88, 0.47, 11.2, 6
5.6, 0.185, 0.19, 7.1, 0.048, 36.0, 110.0, 0.99438, 3.26, 0.41, 9.5, 6
6.6, 0.43, 0.24, 11.9, 0.04, 54.0, 159.0, 0.99622, 3.14, 0.54, 9.8, 6
7.6, 0.39, 0.46, 11.7, 0.084, 55.0, 170.0, 0.99773, 2.91, 0.51, 9.0, 5
6.8, 0.37, 0.67, 1.5, 0.175, 16.0, 98.0, 0.99244, 3.06, 0.56, 10.3, 6
6.8, 0.11, 0.27, 8.6, 0.044, 45.0, 104.0, 0.99454, 3.2, 0.37, 9.9, 6
7.3, 0.23, 0.41, 14.6, 0.048, 73.0, 223.0, 0.99863, 3.16, 0.71, 9.4, 6
8.0, 0.37, 0.31, 4.7, 0.038, 3.0, 127.0, 0.99186, 2.9, 0.72, 12.1, 5
6.7, 0.28, 0.34, 8.9, 0.048, 32.0, 111.0, 0.99455, 3.25, 0.54, 11.0, 7
6.1, 0.25, 0.48, 15.8, 0.052, 25.0, 94.0, 0.99782, 3.07, 0.45, 9.2, 6
6.4, 0.25, 0.57, 1.0, 0.062, 21.0, 122.0, 0.99238, 3.0, 0.4, 9.5, 5
6.8, 0.22, 0.32, 5.9, 0.054, 40.0, 152.0, 0.9938, 3.2, 0.57, 10.8, 6
6.5, 0.18, 0.48, 18.0, 0.054, 56.0, 183.0, 1.00038, 2.98, 0.61, 8.5, 6
7.6, 0.19, 0.37, 13.1, 0.033, 52.0, 151.0, 0.99726, 3.18, 0.79, 10.4, 6
7.4, 0.16, 0.27, 15.5, 0.05, 25.0, 135.0, 0.9984, 2.9, 0.43, 8.7, 7
6.9, 0.19, 0.35, 13.5, 0.038, 49.0, 118.0, 0.99546, 3.0, 0.63, 10.7, 6
6.8, 0.3, 0.27, 11.6, 0.028, 22.0, 97.0, 0.99314, 2.96, 0.38, 11.7, 6
6.5, 0.43, 0.18, 13.15, 0.032, 25.0, 131.0, 0.99565, 3.23, 0.51, 10.7, 5
6.8, 0.16, 0.36, 1.3, 0.034, 32.0, 98.0, 0.99058, 3.02, 0.58, 11.3, 6
6.4, 0.41, 0.01, 6.1, 0.048, 20.0, 70.0, 0.99362, 3.19, 0.42, 10.0, 5
6.6, 0.5, 0.26, 11.3, 0.029, 32.0, 110.0, 0.99302, 3.27, 0.78, 12.9, 8
6.9, 0.38, 0.28, 8.3, 0.062, 22.0, 166.0, 0.99506, 3.16, 0.72, 10.6, 5
7.5, 0.16, 0.38, 12.7, 0.043, 70.5, 163.0, 0.99706, 3.15, 0.82, 10.4, 7
6.5, 0.36, 0.16, 1.3, 0.054, 11.0, 107.0, 0.99398, 3.19, 0.39, 8.5, 5
5.7, 0.25, 0.27, 10.8, 0.05, 58.0, 116.0, 0.99592, 3.1, 0.5, 9.8, 6
5.7, 0.25, 0.26, 12.5, 0.049, 52.5, 106.0, 0.99691, 3.08, 0.45, 9.4, 6
5.9, 0.23, 0.28, 8.6, 0.046, 37.0, 142.0, 0.99432, 3.23, 0.53, 10.6, 6
6.8, 0.27, 0.24, 4.6, 0.098, 36.0, 127.0, 0.99412, 3.15, 0.49, 9.6, 6
6.9, 0.37, 0.23, 9.5, 0.057, 54.0, 166.0, 0.99568, 3.23, 0.42, 10.0, 5
5.7, 0.31, 0.28, 4.1, 0.03, 22.0, 86.0, 0.99062, 3.31, 0.38, 11.7, 7
6.7, 0.28, 0.42, 3.5, 0.035, 43.0, 105.0, 0.99021, 3.18, 0.38, 12.2, 6
6.2, 0.35, 0.2, 18.1, 0.069, 33.0, 158.0, 0.99908, 3.15, 0.5, 8.8, 6
6.0, 0.13, 0.36, 1.6, 0.052, 23.0, 72.0, 0.98974, 3.1, 0.5, 11.5, 7
6.6, 0.23, 0.32, 1.5, 0.041, 8.0, 72.0, 0.98949, 3.22, 0.39, 12.7, 6
5.9, 0.27, 0.27, 9.0, 0.051, 43.0, 136.0, 0.9941, 3.25, 0.53, 10.7, 6
6.1, 0.3, 0.47, 1.4, 0.049, 50.0, 187.0, 0.9927, 3.19, 0.45, 9.5, 5
7.4, 0.16, 0.3, 13.7, 0.056, 33.0, 168.0, 0.99825, 2.9, 0.44, 8.7, 7
7.4, 0.16, 0.3, 13.7, 0.056, 33.0, 168.0, 0.99825, 2.9, 0.44, 8.7, 7
6.6, 0.22, 0.35, 1.4, 0.05, 23.0, 83.0, 0.99019, 3.17, 0.48, 12.0, 7
6.6, 0.25, 0.32, 5.6, 0.039, 15.0, 68.0, 0.99163, 2.96, 0.52, 11.1, 6
8.1, 0.27, 0.33, 1.3, 0.045, 26.0, 100.0, 0.99066, 2.98, 0.44, 12.4, 6
7.9, 0.36, 0.53, 12.9, 0.049, 63.0, 139.0, 0.99792, 2.94, 0.45, 9.1, 5
8.1, 0.27, 0.33, 1.3, 0.045, 26.0, 100.0, 0.99066, 2.98, 0.44, 12.4, 6
5.6, 0.23, 0.29, 3.1, 0.023, 19.0, 89.0, 0.99068, 3.25, 0.51, 11.2, 6
6.6, 0.23, 0.32, 1.7, 0.024, 26.0, 102.0, 0.99084, 3.29, 0.6, 11.8, 6
6.5, 0.38, 0.53, 1.4, 0.142, 5.0, 69.0, 0.9926, 3.14, 0.52, 10.1, 4
8.0, 0.33, 0.32, 4.6, 0.041, 31.0, 180.0, 0.99184, 2.92, 0.74, 12.2, 6
5.6, 0.255, 0.57, 10.7, 0.056, 66.0, 171.0, 0.99464, 3.25, 0.61, 10.4, 7
7.5, 0.23, 0.3, 1.2, 0.03, 27.0, 80.0, 0.99192, 3.05, 0.68, 10.5, 5
5.7, 0.28, 0.36, 1.8, 0.041, 38.0, 90.0, 0.99002, 3.27, 0.98, 11.9, 7
6.6, 0.36, 0.47, 1.4, 0.145, 26.0, 124.0, 0.99274, 3.09, 0.56, 10.1, 6
5.5, 0.23, 0.19, 2.2, 0.044, 39.0, 161.0, 0.99209, 3.19, 0.43, 10.4, 6
5.3, 0.47, 0.1, 1.3, 0.036, 11.0, 74.0, 0.99082, 3.48, 0.54, 11.2, 4
6.0, 0.33, 0.26, 5.1, 0.051, 16.0, 119.0, 0.99416, 3.15, 0.41, 9.2, 5
3.8, 0.31, 0.02, 11.1, 0.036, 20.0, 114.0, 0.99248, 3.75, 0.44, 12.4, 6
6.2, 0.36, 0.22, 5.25, 0.038, 44.0, 145.0, 0.99184, 3.22, 0.4, 11.2, 6
7.1, 0.46, 0.23, 13.7, 0.045, 44.0, 192.0, 0.9981, 3.11, 0.53, 9.4, 5
6.6, 0.21, 0.3, 9.9, 0.041, 64.0, 174.0, 0.995, 3.07, 0.5, 10.1, 6
5.7, 0.22, 0.2, 16.0, 0.044, 41.0, 113.0, 0.99862, 3.22, 0.46, 8.9, 6
5.7, 0.22, 0.2, 16.0, 0.044, 41.0, 113.0, 0.99862, 3.22, 0.46, 8.9, 6
5.2, 0.31, 0.2, 2.4, 0.027, 27.0, 117.0, 0.98886, 3.56, 0.45, 13.0, 7
5.6, 0.18, 0.29, 2.3, 0.04, 5.0, 47.0, 0.99126, 3.07, 0.45, 10.1, 4
6.2, 0.24, 0.27, 16.8, 0.04, 48.0, 129.0, 0.99691, 3.23, 0.38, 10.5, 6
6.0, 0.2, 0.26, 6.8, 0.049, 22.0, 93.0, 0.9928, 3.15, 0.42, 11.0, 6
6.0, 0.2, 0.26, 6.8, 0.049, 22.0, 93.0, 0.9928, 3.15, 0.42, 11.0, 6
6.0, 0.2, 0.26, 6.8, 0.049, 22.0, 93.0, 0.9928, 3.15, 0.42, 11.0, 6
7.2, 0.34, 0.23, 8.9, 0.105, 22.0, 155.0, 0.99692, 3.01, 0.58, 9.5, 5
6.9, 0.26, 0.29, 4.2, 0.043, 33.0, 114.0, 0.9902, 3.16, 0.31, 12.5, 6
6.1, 0.24, 0.25, 1.6, 0.044, 24.0, 115.0, 0.9921, 3.39, 0.59, 10.9, 6
5.9, 0.25, 0.24, 7.4, 0.044, 21.0, 113.0, 0.99462, 3.38, 0.58, 10.5, 6
6.2, 0.26, 0.29, 2.0, 0.036, 16.0, 87.0, 0.99081, 3.33, 0.61, 11.8, 6
6.6, 0.34, 0.25, 4.8, 0.038, 16.0, 121.0, 0.99198, 3.36, 0.71, 12.6, 6
6.4, 0.27, 0.3, 1.6, 0.04, 19.0, 86.0, 0.99089, 3.32, 0.65, 11.5, 6
6.3, 0.41, 0.22, 7.3, 0.035, 23.0, 117.0, 0.99172, 3.2, 0.39, 11.94, 7
7.2, 0.585, 0.2, 10.4, 0.086, 17.0, 94.0, 0.99681, 3.13, 0.4, 9.4, 5
6.7, 0.41, 0.24, 5.4, 0.035, 33.0, 115.0, 0.9901, 3.12, 0.44, 12.8933333333333, 7
8.4, 0.27, 0.3, 2.2, 0.037, 36.0, 129.0, 0.99085, 2.89, 0.3, 11.4666666666667, 6
6.4, 0.23, 0.26, 8.1, 0.054, 47.0, 181.0, 0.9954, 3.12, 0.49, 9.4, 5
7.3, 0.19, 0.27, 13.9, 0.057, 45.0, 155.0, 0.99807, 2.94, 0.41, 8.8, 8
7.3, 0.19, 0.27, 13.9, 0.057, 45.0, 155.0, 0.99807, 2.94, 0.41, 8.8, 8
7.1, 0.2, 0.35, 3.2, 0.034, 21.0, 107.0, 0.99195, 3.11, 0.54, 11.1, 6
6.4, 0.29, 0.21, 9.65, 0.041, 36.0, 119.0, 0.99334, 2.99, 0.34, 10.9333333333333, 6
6.3, 0.19, 0.33, 10.1, 0.063, 63.0, 133.0, 0.99561, 2.86, 0.41, 9.1, 5
5.9, 0.29, 0.28, 3.2, 0.035, 16.0, 117.0, 0.98959, 3.26, 0.42, 12.6, 6
7.1, 0.23, 0.23, 3.5, 0.038, 23.0, 112.0, 0.99157, 3.05, 0.37, 11.3666666666667, 6
7.0, 0.24, 0.26, 1.7, 0.041, 31.0, 110.0, 0.99142, 3.2, 0.53, 11.0, 6
6.0, 0.27, 0.31, 5.0, 0.043, 54.0, 170.0, 0.9924, 3.28, 0.52, 11.0, 6
6.3, 0.28, 0.22, 9.5, 0.04, 30.0, 111.0, 0.99338, 3.05, 0.31, 10.8, 4
6.2, 0.25, 0.44, 15.8, 0.057, 39.0, 167.0, 0.99804, 3.14, 0.51, 9.2, 5
5.9, 0.29, 0.16, 7.9, 0.044, 48.0, 197.0, 0.99512, 3.21, 0.36, 9.4, 5
5.7, 0.24, 0.47, 6.3, 0.069, 35.0, 182.0, 0.99391, 3.11, 0.46, 9.73333333333333, 5
7.1, 0.27, 0.27, 10.4, 0.041, 26.0, 114.0, 0.99335, 3.04, 0.52, 11.5, 7
6.2, 0.22, 0.28, 2.2, 0.04, 24.0, 125.0, 0.9917, 3.19, 0.48, 10.5, 6
6.6, 0.22, 0.23, 17.3, 0.047, 37.0, 118.0, 0.99906, 3.08, 0.46, 8.8, 6
7.2, 0.24, 0.24, 1.7, 0.045, 18.0, 161.0, 0.99196, 3.25, 0.53, 11.2, 6
6.5, 0.29, 0.3, 9.15, 0.051, 25.0, 166.0, 0.99339, 3.24, 0.56, 11.3333333333333, 6
6.7, 0.28, 0.28, 4.5, 0.051, 14.0, 92.0, 0.99224, 3.36, 0.58, 11.9, 6
6.7, 0.34, 0.31, 16.4, 0.051, 20.0, 146.0, 0.99834, 3.06, 0.54, 9.1, 5
6.6, 0.38, 0.29, 2.9, 0.035, 15.0, 101.0, 0.98916, 3.04, 0.37, 12.5, 6
6.0, 0.28, 0.29, 19.3, 0.051, 36.0, 174.0, 0.99911, 3.14, 0.5, 9.0, 5
6.6, 0.18, 0.26, 17.3, 0.051, 17.0, 149.0, 0.9984, 3.0, 0.43, 9.4, 6
6.3, 0.25, 0.27, 6.6, 0.054, 40.0, 158.0, 0.99378, 3.2, 0.48, 10.3, 5
4.7, 0.145, 0.29, 1.0, 0.042, 35.0, 90.0, 0.9908, 3.76, 0.49, 11.3, 6
6.0, 0.555, 0.26, 4.5, 0.053, 17.0, 126.0, 0.9943, 3.24, 0.46, 9.1, 5
6.4, 0.15, 0.25, 7.8, 0.05, 13.0, 68.0, 0.99394, 3.16, 0.4, 9.9, 6
6.4, 0.13, 0.28, 0.9, 0.045, 32.0, 87.0, 0.99175, 3.47, 0.52, 11.2, 6
6.7, 0.48, 0.49, 2.9, 0.03, 28.0, 122.0, 0.98926, 3.13, 0.4, 13.0, 6
5.8, 0.61, 0.01, 8.4, 0.041, 31.0, 104.0, 0.9909, 3.26, 0.72, 14.05, 7
6.8, 0.4, 0.29, 2.8, 0.044, 27.0, 97.0, 0.9904, 3.12, 0.42, 11.2, 6
7.1, 0.28, 0.26, 2.8, 0.039, 50.0, 118.0, 0.9908, 3.06, 0.59, 11.2, 6
6.2, 0.32, 0.32, 2.2, 0.036, 15.0, 70.0, 0.9899, 3.16, 0.48, 12.7, 6
5.8, 0.13, 0.22, 12.7, 0.058, 24.0, 183.0, 0.9956, 3.32, 0.42, 11.7, 6
9.0, 0.2, 0.33, 3.5, 0.049, 10.0, 40.0, 0.9944, 3.14, 0.36, 9.8, 6
6.8, 0.17, 0.17, 5.1, 0.049, 26.0, 82.0, 0.993, 3.0, 0.38, 9.8, 6
7.3, 0.28, 0.54, 12.9, 0.049, 62.0, 162.5, 0.9984, 3.06, 0.45, 9.1, 6
5.8, 0.12, 0.21, 1.3, 0.056, 35.0, 121.0, 0.9908, 3.32, 0.33, 11.4, 6
6.4, 0.24, 0.27, 1.5, 0.04, 35.0, 105.0, 0.98914, 3.13, 0.3, 12.4, 6
8.3, 0.14, 0.36, 8.8, 0.026, 13.0, 60.0, 0.9956, 3.13, 0.35, 11.05, 5
6.0, 0.23, 0.34, 1.3, 0.025, 23.0, 111.0, 0.98961, 3.36, 0.37, 12.7, 6
6.9, 0.28, 0.37, 9.1, 0.037, 16.0, 76.0, 0.9948, 3.05, 0.54, 11.1, 5
6.3, 0.25, 0.53, 1.8, 0.021, 41.0, 101.0, 0.989315, 3.19, 0.31, 13.0, 6
6.8, 0.23, 0.33, 1.9, 0.047, 20.0, 101.0, 0.9914, 3.1, 0.46, 11.1, 6
6.4, 0.55, 0.26, 9.6, 0.027, 20.0, 104.0, 0.9924, 3.22, 0.73, 13.1, 6
6.8, 0.45, 0.3, 11.8, 0.094, 23.0, 97.0, 0.997, 3.09, 0.44, 9.6, 5
6.1, 0.37, 0.46, 12.0, 0.042, 61.0, 210.0, 0.997, 3.17, 0.59, 9.7, 6
6.4, 0.3, 0.27, 4.4, 0.055, 17.0, 135.0, 0.9925, 3.23, 0.44, 12.2, 6
6.2, 0.2, 0.26, 9.7, 0.03, 39.0, 102.0, 0.9908, 3.08, 0.56, 12.9, 7
6.4, 0.3, 0.33, 5.2, 0.05, 30.0, 137.0, 0.99304, 3.26, 0.58, 11.1, 5
6.4, 0.33, 0.3, 7.2, 0.041, 42.0, 168.0, 0.99331, 3.22, 0.49, 11.1, 6
7.0, 0.33, 0.78, 9.9, 0.042, 21.0, 251.0, 0.99435, 3.01, 0.55, 11.0, 6
6.4, 0.17, 0.34, 13.4, 0.044, 45.0, 139.0, 0.99752, 3.06, 0.43, 9.1, 6
6.8, 0.38, 0.29, 9.9, 0.037, 40.0, 146.0, 0.99326, 3.11, 0.37, 11.5, 6
6.5, 0.29, 0.32, 3.0, 0.036, 38.0, 93.0, 0.9906, 3.16, 0.59, 12.0, 6
6.6, 0.28, 0.3, 12.9, 0.033, 31.0, 177.0, 0.99479, 3.12, 0.39, 11.2, 6
5.2, 0.5, 0.18, 2.0, 0.036, 23.0, 129.0, 0.98949, 3.36, 0.77, 13.4, 7
6.3, 0.3, 0.91, 8.2, 0.034, 50.0, 199.0, 0.99394, 3.39, 0.49, 11.7, 6
6.6, 0.21, 0.39, 2.3, 0.041, 31.0, 102.0, 0.99221, 3.22, 0.58, 10.9, 7
6.2, 0.28, 0.41, 5.0, 0.043, 50.0, 188.0, 0.99318, 3.23, 0.64, 10.8, 6
6.0, 0.24, 0.41, 1.3, 0.036, 42.0, 118.0, 0.99018, 3.04, 0.64, 11.7333333333333, 6
6.0, 0.24, 0.41, 1.3, 0.036, 42.0, 118.0, 0.99018, 3.04, 0.64, 11.75, 6
6.8, 0.29, 0.22, 3.4, 0.035, 40.0, 122.0, 0.99024, 3.09, 0.47, 12.3, 6
6.0, 0.29, 0.41, 10.8, 0.048, 55.0, 149.0, 0.9937, 3.09, 0.59, 10.9666666666667, 7
6.0, 0.29, 0.41, 10.8, 0.048, 55.0, 149.0, 0.9937, 3.09, 0.59, 10.9666666666667, 7
8.0, 0.23, 0.41, 1.1, 0.048, 35.0, 150.0, 0.99168, 3.09, 0.47, 11.2, 5
7.3, 0.17, 0.36, 8.2, 0.028, 44.0, 111.0, 0.99272, 3.14, 0.41, 12.4, 6
6.4, 0.31, 0.53, 8.8, 0.057, 36.0, 221.0, 0.99642, 3.17, 0.44, 9.1, 5
5.6, 0.27, 0.37, 0.9, 0.025, 11.0, 49.0, 0.98845, 3.29, 0.33, 13.1, 6
6.5, 0.33, 0.32, 1.0, 0.041, 39.0, 120.0, 0.99004, 3.06, 0.37, 12.2, 6
6.0, 0.36, 0.32, 1.1, 0.053, 26.0, 173.0, 0.99414, 3.38, 0.54, 8.8, 5
6.7, 0.16, 0.32, 12.5, 0.035, 18.0, 156.0, 0.99666, 2.88, 0.36, 9.0, 6
6.1, 0.15, 0.4, 1.2, 0.03, 19.0, 84.0, 0.98926, 3.19, 0.96, 13.0, 6
7.0, 0.27, 0.74, 1.3, 0.173, 34.0, 121.0, 0.99334, 3.04, 0.46, 9.2, 6
6.8, 0.3, 0.33, 12.8, 0.041, 60.0, 168.0, 0.99659, 3.1, 0.56, 9.8, 5
6.4, 0.69, 0.09, 7.6, 0.044, 34.0, 144.0, 0.9948, 3.26, 0.38, 10.1, 6
5.9, 0.12, 0.28, 1.4, 0.037, 36.0, 83.0, 0.99074, 3.33, 0.42, 10.9, 7
5.6, 0.205, 0.16, 12.55, 0.051, 31.0, 115.0, 0.99564, 3.4, 0.38, 10.8, 6
6.4, 0.42, 0.46, 8.4, 0.05, 58.0, 180.0, 0.99495, 3.18, 0.46, 9.7, 6
6.1, 0.32, 0.33, 10.7, 0.036, 27.0, 98.0, 0.99521, 3.34, 0.52, 10.2, 6
6.0, 0.16, 0.36, 1.6, 0.042, 13.0, 61.0, 0.99143, 3.22, 0.54, 10.8, 6
5.5, 0.3, 0.25, 1.9, 0.029, 33.0, 118.0, 0.98972, 3.36, 0.66, 12.5, 6
5.5, 0.16, 0.31, 1.2, 0.026, 31.0, 68.0, 0.9898, 3.33, 0.44, 11.65, 6
6.1, 0.34, 0.24, 18.35, 0.05, 33.0, 184.0, 0.99943, 3.12, 0.61, 9.3, 5
5.9, 0.48, 0.3, 1.5, 0.037, 19.0, 78.0, 0.99057, 3.47, 0.42, 11.9, 7
6.4, 0.32, 0.25, 5.0, 0.055, 28.0, 138.0, 0.99171, 3.27, 0.5, 12.4, 8
6.8, 0.27, 0.3, 13.0, 0.047, 69.0, 160.0, 0.99705, 3.16, 0.5, 9.6, 6
6.8, 0.27, 0.3, 13.0, 0.047, 69.0, 160.0, 0.99705, 3.16, 0.5, 9.6, 6
5.2, 0.21, 0.31, 1.7, 0.048, 17.0, 61.0, 0.98953, 3.24, 0.37, 12.0, 7
5.0, 0.27, 0.4, 1.2, 0.076, 42.0, 124.0, 0.99204, 3.32, 0.47, 10.1, 6
5.9, 0.27, 0.32, 2.0, 0.034, 31.0, 102.0, 0.98952, 3.16, 0.56, 12.3, 6
6.7, 0.3, 0.5, 12.1, 0.045, 38.0, 127.0, 0.9974, 3.04, 0.53, 8.9, 6
6.7, 0.3, 0.5, 12.1, 0.045, 38.0, 127.0, 0.9974, 3.04, 0.53, 8.9, 6
6.4, 0.105, 0.29, 1.1, 0.035, 44.0, 140.0, 0.99142, 3.17, 0.55, 10.7, 7
5.7, 0.33, 0.32, 1.4, 0.043, 28.0, 93.0, 0.9897, 3.31, 0.5, 12.3, 6
6.0, 0.2, 0.33, 1.1, 0.039, 45.0, 126.0, 0.99051, 3.31, 0.45, 11.6, 7
6.4, 0.31, 0.5, 5.8, 0.038, 42.0, 111.0, 0.99189, 3.18, 0.53, 11.9, 7
6.0, 0.35, 0.46, 0.9, 0.033, 9.0, 65.0, 0.98934, 3.24, 0.35, 12.1, 4
6.0, 0.26, 0.24, 1.3, 0.053, 66.0, 150.0, 0.9924, 3.21, 0.62, 10.4, 6
5.4, 0.375, 0.4, 3.3, 0.054, 29.0, 147.0, 0.99482, 3.42, 0.52, 9.1, 5
6.1, 0.41, 0.2, 12.6, 0.032, 54.0, 136.0, 0.99516, 2.91, 0.43, 10.6, 6
5.7, 0.4, 0.35, 5.1, 0.026, 17.0, 113.0, 0.99052, 3.18, 0.67, 12.4, 6
5.8, 0.36, 0.5, 1.0, 0.127, 63.0, 178.0, 0.99212, 3.1, 0.45, 9.7, 5
7.0, 0.24, 0.47, 1.3, 0.043, 18.0, 131.0, 0.99176, 3.19, 0.45, 11.0, 6
6.0, 0.34, 0.29, 6.1, 0.046, 29.0, 134.0, 0.99462, 3.48, 0.57, 10.7, 6
6.7, 0.5, 0.36, 11.5, 0.096, 18.0, 92.0, 0.99642, 3.11, 0.49, 9.6, 5
7.0, 0.36, 0.35, 2.5, 0.048, 67.0, 161.0, 0.99146, 3.05, 0.56, 11.1, 6
5.2, 0.25, 0.23, 1.4, 0.047, 20.0, 77.0, 0.99001, 3.32, 0.62, 11.4, 5
6.2, 0.355, 0.35, 2.0, 0.046, 31.0, 95.0, 0.98822, 3.06, 0.46, 13.6, 6
5.5, 0.32, 0.13, 1.3, 0.037, 45.0, 156.0, 0.99184, 3.26, 0.38, 10.7, 5
6.5, 0.33, 0.38, 8.3, 0.048, 68.0, 174.0, 0.99492, 3.14, 0.5, 9.6, 5
6.1, 0.34, 0.29, 2.2, 0.036, 25.0, 100.0, 0.98938, 3.06, 0.44, 11.8, 6
