7.2, 0.23, 0.32, 8.5, 0.058, 47.0, 186.0, 0.9956, 3.19, 0.4, 9.9, 6
8.1, 0.28, 0.4, 6.9, 0.05, 30.0, 97.0, 0.9951, 3.26, 0.44, 10.1, 6
8.6, 0.23, 0.4, 4.2, 0.035, 17.0, 109.0, 0.9947, 3.14, 0.53, 9.7, 5
6.6, 0.17, 0.38, 1.5, 0.032, 28.0, 112.0, 0.9914, 3.25, 0.55, 11.4, 7
6.2, 0.66, 0.48, 1.2, 0.029, 29.0, 75.0, 0.9892, 3.33, 0.39, 12.8, 8
7.6, 0.67, 0.14, 1.5, 0.074, 25.0, 168.0, 0.9937, 3.05, 0.51, 9.3, 5
7.0, 0.25, 0.32, 9.0, 0.046, 56.0, 245.0, 0.9955, 3.25, 0.5, 10.4, 6
6.2, 0.12, 0.34, 1.5, 0.045, 43.0, 117.0, 0.9939, 3.42, 0.51, 9.0, 6
7.0, 0.33, 0.32, 1.2, 0.053, 38.0, 138.0, 0.9906, 3.13, 0.28, 11.2, 6
7.3, 0.24, 0.39, 17.95, 0.057, 45.0, 149.0, 0.9999, 3.21, 0.36, 8.6, 5
7.0, 0.31, 0.26, 7.4, 0.069, 28.0, 160.0, 0.9954, 3.13, 0.46, 9.8, 6
6.4, 0.18, 0.35, 1.0, 0.045, 39.0, 108.0, 0.9911, 3.31, 0.35, 10.9, 6
6.8, 0.2, 0.59, 0.9, 0.147, 38.0, 132.0, 0.993, 3.05, 0.38, 9.1, 6
6.0, 0.19, 0.26, 12.4, 0.048, 50.0, 147.0, 0.9972, 3.3, 0.36, 8.9, 6
6.6, 0.38, 0.15, 4.6, 0.044, 25.0, 78.0, 0.9931, 3.11, 0.38, 10.2, 6
6.8, 0.3, 0.23, 4.6, 0.061, 50.5, 238.5, 0.9958, 3.32, 0.6, 9.5, 5
6.0, 0.27, 0.28, 4.8, 0.063, 31.0, 201.0, 0.9964, 3.69, 0.71, 10.0, 5
7.4, 0.18, 0.3, 8.8, 0.064, 26.0, 103.0, 0.9961, 2.94, 0.56, 9.3, 5
7.1, 0.2, 0.34, 16.0, 0.05, 51.0, 166.0, 0.9985, 3.21, 0.6, 9.2, 6
7.3, 0.22, 0.3, 8.2, 0.047, 42.0, 207.0, 0.9966, 3.33, 0.46, 9.5, 6
7.2, 0.39, 0.63, 11.0, 0.044, 55.0, 156.0, 0.9974, 3.09, 0.44, 8.7, 6
7.2, 0.39, 0.63, 11.0, 0.044, 55.0, 156.0, 0.9974, 3.09, 0.44, 8.7, 6
6.9, 0.21, 0.33, 1.8, 0.034, 48.0, 136.0, 0.9899, 3.25, 0.41, 12.6, 7
6.0, 0.34, 0.66, 15.9, 0.046, 26.0, 164.0, 0.9979, 3.14, 0.5, 8.8, 6
7.1, 0.23, 0.35, 16.5, 0.04, 60.0, 171.0, 0.999, 3.16, 0.59, 9.1, 6
6.5, 0.17, 0.54, 8.5, 0.082, 64.0, 163.0, 0.9959, 2.89, 0.39, 8.8, 6
7.0, 0.14, 0.4, 1.7, 0.035, 16.0, 85.0, 0.9911, 3.19, 0.42, 11.8, 6
7.3, 0.32, 0.48, 13.3, 0.06, 57.0, 196.0, 0.9982, 3.04, 0.5, 9.2, 5
5.7, 0.26, 0.25, 10.4, 0.02, 7.0, 57.0, 0.994, 3.39, 0.37, 10.6, 5
6.6, 0.24, 0.27, 15.8, 0.035, 46.0, 188.0, 0.9982, 3.24, 0.51, 9.2, 5
6.7, 0.27, 0.31, 15.7, 0.036, 44.0, 179.0, 0.9979, 3.26, 0.56, 9.6, 5
8.1, 0.28, 0.39, 1.9, 0.029, 18.0, 79.0, 0.9923, 3.23, 0.52, 11.8, 6
6.3, 0.34, 0.33, 4.6, 0.034, 19.0, 80.0, 0.9917, 3.38, 0.58, 12.0, 7
8.2, 0.23, 0.4, 7.5, 0.049, 12.0, 76.0, 0.9966, 3.06, 0.84, 9.7, 6
7.4, 0.24, 0.42, 14.0, 0.066, 48.0, 198.0, 0.9979, 2.89, 0.42, 8.9, 6
5.2, 0.44, 0.04, 1.4, 0.036, 43.0, 119.0, 0.9894, 3.36, 0.33, 12.1, 8
6.1, 0.32, 0.24, 1.5, 0.036, 38.0, 124.0, 0.9898, 3.29, 0.42, 12.4, 7
6.4, 0.22, 0.56, 14.5, 0.055, 27.0, 159.0, 0.998, 2.98, 0.4, 9.1, 5
6.3, 0.36, 0.3, 4.8, 0.049, 14.0, 85.0, 0.9932, 3.28, 0.39, 10.6, 5
7.1, 0.3, 0.46, 1.5, 0.066, 29.0, 133.0, 0.9906, 3.12, 0.54, 12.7, 6
6.3, 0.22, 0.43, 4.55, 0.038, 31.0, 130.0, 0.9918, 3.35, 0.33, 11.5, 7
6.7, 0.24, 0.41, 9.4, 0.04, 49.0, 166.0, 0.9954, 3.12, 0.61, 9.9, 6
6.8, 0.53, 0.35, 3.8, 0.034, 26.0, 109.0, 0.9906, 3.26, 0.57, 12.7, 8
6.4, 0.29, 0.44, 3.6, 0.197, 75.0, 183.0, 0.9942, 3.01, 0.38, 9.1, 5
7.1, 0.32, 0.24, 13.1, 0.05, 52.0, 204.0, 0.998, 3.1, 0.49, 8.8, 5
7.2, 0.685, 0.21, 9.5, 0.07, 33.0, 172.0, 0.9971, 3.0, 0.55, 9.1, 6
6.4, 0.17, 0.32, 2.4, 0.048, 41.0, 200.0, 0.9938, 3.5, 0.5, 9.7, 6
7.1, 0.24, 0.41, 17.8, 0.046, 39.0, 145.0, 0.9998, 3.32, 0.39, 8.7, 5
7.2, 0.23, 0.38, 14.3, 0.058, 55.0, 194.0, 0.9979, 3.09, 0.44, 9.0, 6
7.1, 0.21, 0.37, 2.4, 0.026, 23.0, 100.0, 0.9903, 3.15, 0.38, 11.4, 7
6.8, 0.24, 0.34, 2.7, 0.047, 64.5, 218.5, 0.9934, 3.3, 0.58, 9.7, 6
8.5, 0.26, 0.21, 16.2, 0.074, 41.0, 197.0, 0.998, 3.02, 0.5, 9.8, 3
6.9, 0.4, 0.56, 11.2, 0.043, 40.0, 142.0, 0.9975, 3.14, 0.46, 8.7, 5
6.7, 0.26, 0.39, 1.1, 0.04, 45.0, 147.0, 0.9935, 3.32, 0.58, 9.6, 8
6.3, 0.35, 0.3, 5.7, 0.035, 8.0, 97.0, 0.9927, 3.27, 0.41, 11.0, 7
6.4, 0.23, 0.39, 1.8, 0.032, 23.0, 118.0, 0.9912, 3.32, 0.5, 11.8, 6
6.9, 0.115, 0.35, 5.4, 0.048, 36.0, 108.0, 0.9939, 3.32, 0.42, 10.2, 6
6.9, 0.29, 0.4, 19.45, 0.043, 36.0, 156.0, 0.9996, 2.93, 0.47, 8.9, 5
7.7, 0.26, 0.4, 1.1, 0.042, 9.0, 60.0, 0.9915, 2.89, 0.5, 10.6, 5
7.2, 0.23, 0.39, 14.2, 0.058, 49.0, 192.0, 0.9979, 2.98, 0.48, 9.0, 7
7.4, 0.28, 0.42, 19.8, 0.066, 53.0, 195.0, 1.0, 2.96, 0.44, 9.1, 5
7.2, 0.19, 0.46, 3.8, 0.041, 82.0, 187.0, 0.9932, 3.19, 0.6, 11.2, 7
7.5, 0.17, 0.44, 11.3, 0.046, 65.0, 146.0, 0.997, 3.17, 0.45, 10.0, 6
7.2, 0.43, 0.24, 6.7, 0.058, 40.0, 163.0, 0.995, 3.2, 0.41, 9.9, 5
7.3, 0.4, 0.24, 6.7, 0.058, 41.0, 166.0, 0.995, 3.2, 0.41, 9.9, 6
6.2, 0.31, 0.26, 4.8, 0.037, 36.0, 148.0, 0.9928, 3.21, 0.41, 10.4, 6
5.8, 0.34, 0.21, 6.6, 0.04, 50.0, 167.0, 0.9941, 3.29, 0.62, 10.0, 5
6.6, 0.24, 0.35, 7.7, 0.031, 36.0, 135.0, 0.9938, 3.19, 0.37, 10.5, 5
6.8, 0.25, 0.34, 4.7, 0.031, 34.0, 134.0, 0.9927, 3.21, 0.38, 10.6, 6
7.5, 0.27, 0.31, 5.8, 0.057, 131.0, 313.0, 0.9946, 3.18, 0.59, 10.5, 5
6.5, 0.28, 0.35, 15.4, 0.042, 55.0, 195.0, 0.9978, 3.23, 0.5, 9.6, 6
7.2, 0.21, 0.41, 1.3, 0.036, 33.0, 85.0, 0.992, 3.17, 0.51, 10.4, 5
5.6, 0.26, 0.26, 5.7, 0.031, 12.0, 80.0, 0.9923, 3.25, 0.38, 10.8, 5
6.3, 0.23, 0.3, 1.8, 0.033, 16.0, 91.0, 0.9906, 3.28, 0.4, 11.8, 6
5.9, 0.26, 0.4, 1.3, 0.047, 12.0, 139.0, 0.9945, 3.45, 0.53, 10.4, 5
8.0, 0.24, 0.36, 1.5, 0.047, 17.0, 129.0, 0.9948, 3.2, 0.54, 10.0, 6
5.4, 0.31, 0.47, 3.0, 0.053, 46.0, 144.0, 0.9931, 3.29, 0.76, 10.0, 5
7.1, 0.145, 0.33, 4.6, 0.05, 33.0, 131.0, 0.9942, 3.28, 0.4, 9.6, 6
7.3, 0.22, 0.37, 14.3, 0.063, 48.0, 191.0, 0.9978, 2.89, 0.38, 9.0, 6
6.9, 0.24, 0.34, 4.7, 0.04, 43.0, 161.0, 0.9935, 3.2, 0.59, 10.6, 6
6.4, 0.24, 0.32, 14.9, 0.047, 54.0, 162.0, 0.9968, 3.28, 0.5, 10.2, 6
7.2, 0.27, 0.27, 2.4, 0.048, 30.0, 149.0, 0.9936, 3.1, 0.51, 9.2, 6
5.1, 0.33, 0.22, 1.6, 0.027, 18.0, 89.0, 0.9893, 3.51, 0.38, 12.5, 7
7.3, 0.2, 0.44, 1.4, 0.045, 21.0, 98.0, 0.9924, 3.15, 0.46, 10.0, 7
7.0, 0.3, 0.38, 14.9, 0.032, 60.0, 181.0, 0.9983, 3.18, 0.61, 9.3, 7
6.3, 0.2, 0.4, 1.5, 0.037, 35.0, 107.0, 0.9917, 3.46, 0.5, 11.4, 6
6.8, 0.27, 0.12, 1.3, 0.04, 87.0, 168.0, 0.992, 3.18, 0.41, 10.0, 5
7.2, 0.25, 0.39, 18.95, 0.038, 42.0, 155.0, 0.9999, 2.97, 0.47, 9.0, 6
7.4, 0.21, 0.27, 1.2, 0.041, 27.0, 99.0, 0.9927, 3.19, 0.33, 9.8, 6
7.4, 0.31, 0.28, 1.6, 0.05, 33.0, 137.0, 0.9929, 3.31, 0.56, 10.5, 6
7.8, 0.21, 0.27, 1.2, 0.051, 20.0, 89.0, 0.9936, 3.06, 0.46, 9.1, 5
7.2, 0.55, 0.09, 1.5, 0.108, 16.0, 151.0, 0.9938, 3.07, 0.57, 9.2, 4
6.1, 0.28, 0.32, 2.5, 0.042, 23.0, 218.5, 0.9935, 3.27, 0.6, 9.8, 5
5.8, 0.28, 0.27, 2.6, 0.054, 30.0, 156.0, 0.9914, 3.53, 0.42, 12.4, 5
6.5, 0.41, 0.24, 14.0, 0.048, 24.0, 113.0, 0.9982, 3.44, 0.53, 9.8, 6
7.2, 0.6, 0.2, 9.9, 0.07, 21.0, 174.0, 0.9971, 3.03, 0.54, 9.1, 5
7.2, 0.39, 0.62, 11.0, 0.047, 66.0, 178.0, 0.9976, 3.16, 0.5, 8.7, 5
8.6, 0.37, 0.7, 12.15, 0.039, 21.0, 158.0, 0.9983, 3.0, 0.73, 9.3, 6
6.5, 0.38, 0.34, 3.4, 0.036, 34.0, 200.0, 0.9937, 3.14, 0.76, 10.0, 5
7.4, 0.28, 0.36, 1.1, 0.028, 42.0, 105.0, 0.9893, 2.99, 0.39, 12.4, 7
6.7, 0.47, 0.34, 8.9, 0.043, 31.0, 172.0, 0.9964, 3.22, 0.6, 9.2, 5
5.9, 0.36, 0.41, 1.3, 0.047, 45.0, 104.0, 0.9917, 3.33, 0.51, 10.6, 6
5.8, 0.25, 0.24, 13.3, 0.044, 41.0, 137.0, 0.9972, 3.34, 0.42, 9.5, 5
7.8, 0.19, 0.26, 8.9, 0.039, 42.0, 182.0, 0.996, 3.18, 0.46, 9.9, 6
6.3, 0.19, 0.28, 1.8, 0.022, 28.0, 158.0, 0.9907, 3.2, 0.64, 11.4, 6
7.2, 0.4, 0.62, 10.8, 0.041, 70.0, 189.0, 0.9976, 3.08, 0.49, 8.6, 4
6.8, 0.23, 0.32, 1.6, 0.026, 43.0, 147.0, 0.9904, 3.29, 0.54, 12.5, 6
7.8, 0.18, 0.31, 12.2, 0.053, 46.0, 140.0, 0.998, 3.06, 0.53, 8.9, 6
7.3, 0.26, 0.36, 5.2, 0.04, 31.0, 141.0, 0.9931, 3.16, 0.59, 11.0, 6
6.1, 0.24, 0.3, 1.5, 0.045, 22.0, 61.0, 0.992, 3.31, 0.54, 10.4, 5
6.8, 0.25, 0.24, 4.55, 0.053, 41.0, 211.0, 0.9955, 3.37, 0.67, 9.5, 6
6.7, 0.24, 0.41, 8.7, 0.036, 29.0, 148.0, 0.9952, 3.22, 0.62, 9.9, 6
6.4, 0.16, 0.22, 1.4, 0.04, 41.0, 149.0, 0.9933, 3.49, 0.58, 10.0, 6
7.7, 0.22, 0.42, 1.9, 0.052, 10.0, 87.0, 0.9922, 3.3, 0.49, 11.8, 6
7.0, 0.3, 0.51, 13.6, 0.05, 40.0, 168.0, 0.9976, 3.07, 0.52, 9.6, 7
6.1, 0.41, 0.24, 1.6, 0.049, 16.0, 137.0, 0.993, 3.32, 0.5, 10.4, 6
7.2, 0.34, 0.44, 4.2, 0.047, 51.0, 144.0, 0.991, 3.01, 0.76, 12.3, 6
6.7, 0.21, 0.42, 9.1, 0.049, 31.0, 150.0, 0.9953, 3.12, 0.74, 9.9, 7
7.8, 0.22, 0.38, 10.3, 0.059, 28.0, 99.0, 0.9967, 3.12, 0.47, 10.0, 6
6.5, 0.28, 0.27, 5.2, 0.04, 44.0, 179.0, 0.9948, 3.19, 0.69, 9.4, 6
8.2, 0.23, 0.29, 1.8, 0.047, 47.0, 187.0, 0.9933, 3.13, 0.5, 10.2, 6
5.7, 0.18, 0.22, 4.2, 0.042, 25.0, 111.0, 0.994, 3.35, 0.39, 9.4, 5
7.3, 0.3, 0.22, 6.4, 0.056, 44.0, 168.0, 0.9947, 3.13, 0.35, 10.1, 6
7.4, 0.26, 0.3, 7.9, 0.049, 38.0, 157.0, 0.9963, 3.13, 0.48, 8.9, 6
7.1, 0.31, 0.5, 14.5, 0.059, 6.0, 148.0, 0.9983, 2.94, 0.44, 9.1, 5
7.3, 0.2, 0.37, 1.2, 0.037, 48.0, 119.0, 0.992, 3.32, 0.49, 10.9, 6
6.4, 0.475, 0.06, 1.0, 0.03, 9.0, 131.0, 0.9904, 2.97, 0.29, 10.8, 5
6.9, 0.41, 0.33, 10.1, 0.043, 28.0, 152.0, 0.9968, 3.2, 0.52, 9.4, 5
7.0, 0.29, 0.37, 4.9, 0.034, 26.0, 127.0, 0.9928, 3.17, 0.44, 10.8, 6
6.9, 0.19, 0.4, 1.4, 0.036, 14.0, 55.0, 0.9909, 3.08, 0.68, 11.5, 7
6.7, 0.3, 0.35, 1.4, 0.18, 36.0, 160.0, 0.9937, 3.11, 0.54, 9.4, 6
6.3, 0.26, 0.49, 1.5, 0.052, 34.0, 134.0, 0.9924, 2.99, 0.61, 9.8, 6
7.4, 0.24, 0.4, 4.3, 0.032, 9.0, 95.0, 0.992, 3.09, 0.39, 11.1, 6
6.5, 0.26, 0.43, 8.9, 0.083, 50.0, 171.0, 0.9965, 2.85, 0.5, 9.0, 5
5.3, 0.32, 0.12, 6.6, 0.043, 22.0, 141.0, 0.9937, 3.36, 0.6, 10.4, 6
6.0, 0.36, 0.06, 1.4, 0.066, 27.0, 128.0, 0.9934, 3.26, 0.55, 9.3, 5
6.2, 0.24, 0.29, 13.3, 0.039, 49.0, 130.0, 0.9952, 3.33, 0.46, 11.0, 8
7.0, 0.23, 0.42, 18.05, 0.05, 35.0, 144.0, 0.9999, 3.22, 0.42, 8.8, 5
7.1, 0.26, 0.34, 14.4, 0.067, 35.0, 189.0, 0.9986, 3.07, 0.53, 9.1, 7
7.3, 0.34, 0.21, 3.2, 0.05, 14.0, 136.0, 0.9936, 3.25, 0.44, 10.2, 5
6.8, 0.29, 0.16, 1.4, 0.038, 122.5, 234.5, 0.9922, 3.15, 0.47, 10.0, 4
7.0, 0.57, 0.1, 8.3, 0.094, 23.0, 188.0, 0.9972, 3.4, 0.47, 9.2, 4
7.1, 0.28, 0.26, 1.9, 0.049, 12.0, 86.0, 0.9934, 3.15, 0.38, 9.4, 5
7.1, 0.17, 0.38, 7.4, 0.052, 49.0, 182.0, 0.9958, 3.35, 0.52, 9.6, 6
6.8, 0.22, 0.37, 1.7, 0.036, 38.0, 195.0, 0.9908, 3.35, 0.72, 12.5, 6
6.4, 0.24, 0.5, 11.6, 0.047, 60.0, 211.0, 0.9966, 3.18, 0.57, 9.3, 5
5.8, 0.32, 0.38, 4.75, 0.033, 23.0, 94.0, 0.991, 3.42, 0.42, 11.8, 7
6.7, 0.28, 0.14, 1.4, 0.043, 64.0, 159.0, 0.992, 3.17, 0.39, 10.0, 5
6.8, 0.34, 0.69, 1.3, 0.058, 12.0, 171.0, 0.9931, 3.06, 0.47, 9.7, 5
6.8, 0.67, 0.3, 13.0, 0.29, 22.0, 193.0, 0.9984, 3.08, 0.67, 9.0, 4
6.7, 0.17, 0.37, 2.0, 0.039, 34.0, 125.0, 0.9922, 3.26, 0.6, 10.8, 7
6.0, 0.36, 0.16, 6.3, 0.036, 36.0, 191.0, 0.9942, 3.17, 0.62, 9.8, 5
6.7, 0.19, 0.34, 1.0, 0.022, 22.0, 94.0, 0.9912, 3.23, 0.57, 11.1, 6
7.5, 0.31, 0.51, 14.8, 0.039, 62.0, 204.0, 0.9982, 3.06, 0.6, 9.5, 5
6.4, 0.31, 0.39, 7.5, 0.04, 57.0, 213.0, 0.99475, 3.32, 0.43, 10.0, 5
6.2, 0.25, 0.48, 10.0, 0.044, 78.0, 240.0, 0.99655, 3.25, 0.47, 9.5, 6
6.9, 0.38, 0.25, 9.8, 0.04, 28.0, 191.0, 0.9971, 3.28, 0.61, 9.2, 5
6.4, 0.25, 0.3, 5.5, 0.038, 15.0, 129.0, 0.9948, 3.14, 0.49, 9.6, 6
7.0, 0.21, 0.34, 8.5, 0.033, 31.0, 253.0, 0.9953, 3.22, 0.56, 10.5, 6
7.0, 0.21, 0.34, 8.5, 0.033, 31.0, 253.0, 0.9953, 3.22, 0.56, 10.5, 6
5.8, 0.25, 0.28, 11.1, 0.056, 45.0, 175.0, 0.99755, 3.42, 0.43, 9.5, 5
7.1, 0.14, 0.4, 1.2, 0.051, 55.0, 136.0, 0.9932, 3.3, 0.96, 9.8, 7
7.2, 0.27, 0.42, 1.6, 0.05, 35.0, 135.0, 0.992, 2.94, 0.46, 11.0, 6
6.9, 0.22, 0.37, 15.0, 0.053, 59.0, 178.0, 0.9992, 3.37, 0.82, 9.5, 7
5.8, 0.34, 0.16, 7.0, 0.037, 26.0, 116.0, 0.9949, 3.46, 0.45, 10.0, 7
7.8, 0.42, 0.23, 8.8, 0.054, 42.0, 215.0, 0.9971, 3.02, 0.58, 9.2, 6
5.4, 0.18, 0.24, 4.8, 0.041, 30.0, 113.0, 0.99445, 3.42, 0.4, 9.4, 6
7.8, 0.27, 0.58, 11.2, 0.036, 44.0, 161.0, 0.9977, 3.06, 0.41, 8.9, 6
6.2, 0.29, 0.26, 13.1, 0.046, 55.0, 204.0, 0.99745, 3.16, 0.41, 9.6, 6
6.2, 0.3, 0.26, 13.4, 0.046, 57.0, 206.0, 0.99775, 3.17, 0.43, 9.5, 6
6.4, 0.35, 0.28, 1.1, 0.055, 9.0, 160.0, 0.99405, 3.42, 0.5, 9.1, 7
6.5, 0.26, 0.32, 16.5, 0.045, 44.0, 166.0, 1.0, 3.38, 0.46, 9.5, 6
6.6, 0.56, 0.22, 8.9, 0.034, 27.0, 133.0, 0.99675, 3.2, 0.51, 9.1, 5
6.2, 0.3, 0.17, 2.8, 0.04, 24.0, 125.0, 0.9939, 3.01, 0.46, 9.0, 5
6.6, 0.36, 0.29, 1.6, 0.021, 24.0, 85.0, 0.98965, 3.41, 0.61, 12.4, 9
8.4, 0.18, 0.42, 5.1, 0.036, 7.0, 77.0, 0.9939, 3.16, 0.52, 11.7, 5
7.0, 0.21, 0.37, 7.2, 0.042, 36.0, 167.0, 0.9958, 3.26, 0.56, 9.8, 6
6.8, 0.25, 0.38, 8.1, 0.046, 24.0, 155.0, 0.9956, 3.33, 0.59, 10.2, 6
6.9, 0.25, 0.34, 1.3, 0.035, 27.0, 82.0, 0.99045, 3.18, 0.44, 12.2, 6
7.5, 0.42, 0.34, 4.3, 0.04, 34.0, 108.0, 0.99155, 3.14, 0.45, 12.8, 8
7.3, 0.21, 0.29, 1.6, 0.034, 29.0, 118.0, 0.9917, 3.3, 0.5, 11.0, 8
9.2, 0.34, 0.27, 1.2, 0.026, 17.0, 73.0, 0.9921, 3.08, 0.39, 10.8, 5
6.0, 0.2, 0.24, 1.8, 0.03, 30.0, 105.0, 0.9909, 3.31, 0.47, 11.5, 6
7.7, 0.34, 0.58, 11.1, 0.039, 41.0, 151.0, 0.9978, 3.06, 0.49, 8.6, 5
4.8, 0.34, 0.0, 6.5, 0.028, 33.0, 163.0, 0.9939, 3.36, 0.61, 9.9, 6
7.3, 0.24, 0.29, 1.2, 0.037, 37.0, 97.0, 0.9926, 3.19, 0.7, 10.1, 6
6.3, 0.26, 0.21, 4.0, 0.03, 24.0, 125.0, 0.9915, 3.06, 0.34, 10.7, 6
6.0, 0.28, 0.34, 1.6, 0.119, 33.0, 104.0, 0.9921, 3.19, 0.38, 10.2, 6
7.4, 0.26, 0.43, 6.0, 0.022, 22.0, 125.0, 0.9928, 3.13, 0.55, 11.5, 6
6.8, 0.23, 0.29, 12.2, 0.035, 38.0, 236.0, 0.9976, 3.35, 0.52, 9.8, 6
6.6, 0.2, 0.38, 7.9, 0.052, 30.0, 145.0, 0.9947, 3.32, 0.56, 11.0, 7
6.9, 0.21, 0.28, 2.4, 0.056, 49.0, 159.0, 0.9944, 3.02, 0.47, 8.8, 8
8.6, 0.18, 0.4, 1.1, 0.04, 20.0, 107.0, 0.9923, 2.94, 0.32, 10.2, 7
6.3, 0.27, 0.23, 2.9, 0.047, 13.0, 100.0, 0.9936, 3.28, 0.43, 9.8, 5
6.5, 0.25, 0.35, 12.0, 0.055, 47.0, 179.0, 0.998, 3.58, 0.47, 10.0, 5
6.1, 0.36, 0.58, 15.0, 0.044, 42.0, 115.0, 0.9978, 3.15, 0.51, 9.0, 5
6.2, 0.34, 0.28, 7.5, 0.034, 40.0, 197.0, 0.99485, 3.14, 0.6, 9.7, 5
7.6, 0.345, 0.26, 1.9, 0.043, 15.0, 134.0, 0.9936, 3.08, 0.38, 9.5, 5
7.6, 0.22, 0.34, 9.7, 0.035, 26.0, 143.0, 0.9965, 3.08, 0.49, 9.8, 6
7.3, 0.24, 0.34, 15.4, 0.05, 38.0, 174.0, 0.9983, 3.03, 0.42, 9.0, 6
8.0, 0.42, 0.36, 5.0, 0.037, 34.0, 101.0, 0.992, 3.13, 0.57, 12.3, 7
6.0, 0.27, 0.19, 1.7, 0.02, 24.0, 110.0, 0.9898, 3.32, 0.47, 12.6, 7
6.6, 0.13, 0.3, 4.9, 0.058, 47.0, 131.0, 0.9946, 3.51, 0.45, 10.3, 6
6.5, 0.14, 0.33, 7.6, 0.05, 53.0, 189.0, 0.9966, 3.25, 0.49, 8.6, 5
6.0, 0.41, 0.21, 1.9, 0.05, 29.0, 122.0, 0.9928, 3.42, 0.52, 10.5, 6
7.4, 0.3, 0.3, 5.2, 0.053, 45.0, 163.0, 0.9941, 3.12, 0.45, 10.3, 6
8.2, 0.26, 0.44, 1.3, 0.046, 7.0, 69.0, 0.9944, 3.14, 0.62, 10.2, 4
6.5, 0.25, 0.27, 15.2, 0.049, 75.0, 217.0, 0.9972, 3.19, 0.39, 9.9, 5
6.1, 0.24, 0.27, 9.8, 0.062, 33.0, 152.0, 0.9966, 3.31, 0.47, 9.5, 6
6.4, 0.28, 0.41, 6.8, 0.045, 61.0, 216.0, 0.9952, 3.09, 0.46, 9.4, 5
6.4, 0.28, 0.43, 7.1, 0.045, 60.0, 221.0, 0.9952, 3.09, 0.45, 9.4, 6
5.8, 0.36, 0.26, 3.3, 0.038, 40.0, 153.0, 0.9911, 3.34, 0.55, 11.3, 6
7.7, 0.16, 0.41, 1.7, 0.048, 60.0, 173.0, 0.9932, 3.24, 0.66, 11.2, 7
6.2, 0.25, 0.47, 11.6, 0.048, 62.0, 210.0, 0.9968, 3.19, 0.5, 9.5, 5
7.6, 0.39, 0.22, 2.8, 0.036, 19.0, 113.0, 0.9926, 3.03, 0.29, 10.2, 5
8.6, 0.2, 0.42, 1.5, 0.041, 35.0, 125.0, 0.9925, 3.11, 0.49, 11.4, 7
8.6, 0.2, 0.42, 1.5, 0.041, 35.0, 125.0, 0.9925, 3.11, 0.49, 11.4, 7
7.0, 0.24, 0.35, 1.5, 0.052, 51.0, 128.0, 0.9941, 3.41, 0.59, 10.4, 7
7.1, 0.2, 0.41, 2.1, 0.054, 24.0, 166.0, 0.9948, 3.48, 0.62, 10.5, 6
7.1, 0.15, 0.34, 5.3, 0.034, 33.0, 104.0, 0.9953, 3.37, 0.52, 9.3, 7
7.5, 0.17, 0.34, 1.4, 0.035, 13.0, 102.0, 0.9918, 3.05, 0.74, 11.0, 5
7.7, 0.275, 0.3, 1.0, 0.039, 19.0, 75.0, 0.992, 3.01, 0.56, 10.7, 5
7.2, 0.21, 0.37, 1.6, 0.049, 23.0, 94.0, 0.9924, 3.16, 0.48, 10.9, 7
7.5, 0.21, 0.34, 1.2, 0.06, 26.0, 111.0, 0.9931, 3.51, 0.47, 10.7, 6
7.5, 0.28, 0.33, 7.7, 0.048, 42.0, 180.0, 0.9974, 3.37, 0.59, 10.1, 6
7.0, 0.24, 0.32, 1.3, 0.037, 39.0, 123.0, 0.992, 3.17, 0.42, 11.2, 8
6.3, 0.23, 0.21, 5.1, 0.035, 29.0, 142.0, 0.9942, 3.36, 0.33, 10.1, 7
7.3, 0.31, 0.69, 10.2, 0.041, 58.0, 160.0, 0.9977, 3.06, 0.45, 8.6, 5
7.2, 0.37, 0.15, 2.0, 0.029, 27.0, 87.0, 0.9903, 3.3, 0.59, 12.6, 7
8.0, 0.18, 0.37, 1.3, 0.04, 15.0, 96.0, 0.9912, 3.06, 0.61, 12.1, 6
5.8, 0.415, 0.13, 1.4, 0.04, 11.0, 64.0, 0.9922, 3.29, 0.52, 10.5, 5
6.4, 0.5, 0.16, 12.9, 0.042, 26.0, 138.0, 0.9974, 3.28, 0.33, 9.0, 5
6.7, 0.105, 0.32, 12.4, 0.051, 34.0, 106.0, 0.998, 3.54, 0.45, 9.2, 6
6.0, 0.4, 0.3, 1.6, 0.047, 30.0, 117.0, 0.9931, 3.17, 0.48, 10.1, 6
6.4, 0.125, 0.29, 5.85, 0.042, 24.0, 99.0, 0.992, 3.23, 0.32, 12.0, 7
6.9, 0.23, 0.34, 4.0, 0.047, 24.0, 128.0, 0.9944, 3.2, 0.52, 9.7, 6
6.8, 0.39, 0.31, 14.35, 0.043, 28.0, 162.0, 0.9988, 3.17, 0.54, 9.1, 5
8.5, 0.16, 0.33, 1.0, 0.076, 17.0, 57.0, 0.9921, 3.14, 0.46, 10.6, 6
9.1, 0.27, 0.32, 1.1, 0.031, 15.0, 151.0, 0.9936, 3.03, 0.41, 10.6, 5
7.9, 0.16, 0.3, 4.8, 0.037, 37.0, 171.0, 0.9967, 3.47, 0.44, 9.0, 4
7.6, 0.33, 0.36, 2.1, 0.034, 26.0, 172.0, 0.9944, 3.42, 0.48, 10.5, 4
7.8, 0.3, 0.29, 16.85, 0.054, 23.0, 135.0, 0.9998, 3.16, 0.38, 9.0, 6
7.8, 0.3, 0.29, 16.85, 0.054, 23.0, 135.0, 0.9998, 3.16, 0.38, 9.0, 6
7.5, 0.14, 0.34, 1.3, 0.055, 50.0, 153.0, 0.9945, 3.29, 0.8, 9.6, 6
5.7, 0.26, 0.27, 4.1, 0.201, 73.5, 189.5, 0.9942, 3.27, 0.38, 9.4, 6
8.2, 0.23, 0.49, 0.9, 0.057, 15.0, 73.0, 0.9928, 3.07, 0.38, 10.4, 6
6.0, 0.24, 0.32, 6.3, 0.03, 34.0, 129.0, 0.9946, 3.52, 0.41, 10.4, 5
6.4, 0.26, 0.3, 2.2, 0.025, 33.0, 134.0, 0.992, 3.21, 0.47, 10.6, 6
6.6, 0.21, 0.38, 2.2, 0.026, 40.0, 104.0, 0.9914, 3.25, 0.4, 11.1, 8
7.6, 0.21, 0.44, 1.9, 0.036, 10.0, 119.0, 0.9913, 3.01, 0.7, 12.8, 6
6.2, 0.37, 0.22, 8.3, 0.025, 36.0, 216.0, 0.9964, 3.33, 0.6, 9.6, 6
7.1, 0.26, 0.32, 14.45, 0.074, 29.0, 107.0, 0.998, 2.96, 0.42, 9.2, 6
7.4, 0.25, 0.37, 6.9, 0.02, 14.0, 93.0, 0.9939, 3.0, 0.48, 10.7, 7
9.2, 0.28, 0.41, 1.0, 0.042, 14.0, 59.0, 0.9922, 2.96, 0.25, 10.5, 6
7.6, 0.32, 0.36, 1.6, 0.04, 32.0, 155.0, 0.993, 3.23, 0.52, 11.3, 6
8.2, 0.37, 0.36, 1.0, 0.034, 17.0, 93.0, 0.9906, 3.04, 0.32, 11.7, 8
7.2, 0.26, 0.44, 7.1, 0.027, 25.0, 126.0, 0.993, 3.02, 0.34, 11.1, 8
7.9, 0.41, 0.37, 4.5, 0.03, 40.0, 114.0, 0.992, 3.17, 0.54, 12.4, 7
7.7, 0.26, 0.31, 1.3, 0.043, 47.0, 155.0, 0.9937, 3.42, 0.5, 10.1, 6
7.4, 0.18, 0.42, 2.1, 0.036, 33.0, 187.0, 0.9938, 3.4, 0.41, 10.6, 7
7.1, 0.44, 0.37, 2.7, 0.041, 35.0, 128.0, 0.9896, 3.07, 0.43, 13.5, 7
6.4, 0.26, 0.22, 5.1, 0.037, 23.0, 131.0, 0.9944, 3.29, 0.32, 10.1, 5
5.3, 0.26, 0.23, 5.15, 0.034, 48.0, 160.0, 0.9952, 3.82, 0.51, 10.5, 7
7.3, 0.18, 0.65, 1.4, 0.046, 28.0, 157.0, 0.9946, 3.33, 0.62, 9.4, 6
6.9, 0.31, 0.34, 7.4, 0.059, 36.0, 174.0, 0.9963, 3.46, 0.62, 11.1, 7
7.5, 0.28, 0.34, 4.2, 0.028, 36.0, 116.0, 0.991, 2.99, 0.41, 12.3, 8
8.4, 0.35, 0.56, 13.8, 0.048, 55.0, 190.0, 0.9993, 3.07, 0.58, 9.4, 6
8.3, 0.21, 0.4, 1.6, 0.032, 35.0, 110.0, 0.9907, 3.02, 0.6, 12.9, 7
6.9, 0.39, 0.22, 4.3, 0.03, 10.0, 102.0, 0.993, 3.0, 0.87, 11.6, 4
6.9, 0.41, 0.22, 4.2, 0.031, 10.0, 102.0, 0.993, 3.0, 0.86, 11.6, 4
9.0, 0.245, 0.38, 5.9, 0.045, 52.0, 159.0, 0.995, 2.93, 0.35, 10.2, 6
8.0, 0.59, 0.71, 17.35, 0.038, 61.0, 228.0, 1.0, 2.95, 0.75, 9.3, 5
6.4, 0.25, 0.53, 6.6, 0.038, 59.0, 234.0, 0.9955, 3.03, 0.42, 8.8, 5
6.9, 0.16, 0.35, 1.3, 0.043, 21.0, 182.0, 0.9927, 3.25, 0.62, 10.8, 6
6.5, 0.22, 0.72, 6.8, 0.042, 33.0, 168.0, 0.9958, 3.12, 0.36, 9.2, 6
7.9, 0.16, 0.64, 17.0, 0.05, 69.0, 210.0, 1.0004, 3.15, 0.51, 9.3, 7
6.7, 0.18, 0.3, 6.4, 0.048, 40.0, 251.0, 0.9956, 3.29, 0.52, 10.0, 5
6.5, 0.37, 0.33, 3.9, 0.027, 40.0, 130.0, 0.9906, 3.28, 0.39, 12.7, 7
6.8, 0.35, 0.32, 2.4, 0.048, 35.0, 103.0, 0.9911, 3.28, 0.46, 12.0, 8
7.6, 0.19, 0.41, 1.1, 0.04, 38.0, 143.0, 0.9907, 2.92, 0.42, 11.4, 5
7.6, 0.27, 0.24, 3.8, 0.058, 19.0, 115.0, 0.9958, 3.15, 0.45, 8.9, 5
7.4, 0.64, 0.47, 14.15, 0.168, 42.0, 185.0, 0.9984, 2.9, 0.49, 9.3, 5
10.7, 0.22, 0.56, 8.2, 0.044, 37.0, 181.0, 0.998, 2.87, 0.68, 9.5, 6
10.7, 0.22, 0.56, 8.2, 0.044, 37.0, 181.0, 0.998, 2.87, 0.68, 9.5, 6
6.9, 0.38, 0.32, 8.5, 0.044, 36.0, 152.0, 0.9932, 3.38, 0.35, 12.0, 7
7.1, 0.36, 0.56, 1.3, 0.046, 25.0, 102.0, 0.9923, 3.24, 0.33, 10.5, 6
7.3, 0.18, 0.29, 1.2, 0.044, 12.0, 143.0, 0.9918, 3.2, 0.48, 11.3, 7
5.6, 0.49, 0.13, 4.5, 0.039, 17.0, 116.0, 0.9907, 3.42, 0.9, 13.7, 7
7.3, 0.25, 0.36, 13.1, 0.05, 35.0, 200.0, 0.9986, 3.04, 0.46, 8.9, 7
7.4, 0.4, 0.29, 5.4, 0.044, 31.0, 122.0, 0.994, 3.3, 0.5, 11.1, 8
7.9, 0.2, 0.34, 1.2, 0.04, 29.0, 118.0, 0.9932, 3.14, 0.41, 10.6, 6
5.8, 0.17, 0.3, 1.4, 0.037, 55.0, 130.0, 0.9909, 3.29, 0.38, 11.3, 6
5.9, 0.415, 0.02, 0.8, 0.038, 22.0, 63.0, 0.9932, 3.36, 0.36, 9.3, 5
6.6, 0.23, 0.26, 1.3, 0.045, 16.0, 128.0, 0.9934, 3.36, 0.6, 10.0, 6
6.9, 0.35, 0.74, 1.0, 0.044, 18.0, 132.0, 0.992, 3.13, 0.55, 10.2, 5
8.2, 0.18, 0.49, 1.1, 0.033, 28.0, 81.0, 0.9923, 3.0, 0.68, 10.4, 7
6.1, 0.22, 0.49, 1.5, 0.051, 18.0, 87.0, 0.9928, 3.3, 0.46, 9.6, 5
6.5, 0.36, 0.49, 2.9, 0.03, 16.0, 94.0, 0.9902, 3.1, 0.49, 12.1, 7
8.5, 0.56, 0.74, 17.85, 0.051, 51.0, 243.0, 1.0005, 2.99, 0.7, 9.2, 5
7.2, 0.31, 0.24, 1.4, 0.057, 17.0, 117.0, 0.9928, 3.16, 0.35, 10.5, 5
7.4, 0.16, 0.49, 1.2, 0.055, 18.0, 150.0, 0.9917, 3.23, 0.47, 11.2, 6
7.2, 0.4, 0.49, 1.1, 0.048, 11.0, 138.0, 0.9929, 3.01, 0.42, 9.3, 5
6.9, 0.19, 0.49, 6.6, 0.036, 49.0, 172.0, 0.9932, 3.2, 0.27, 11.5, 6
7.2, 0.08, 0.49, 1.3, 0.05, 18.0, 148.0, 0.9945, 3.46, 0.44, 10.2, 6
6.9, 0.25, 0.24, 3.6, 0.057, 13.0, 85.0, 0.9942, 2.99, 0.48, 9.5, 4
6.7, 0.25, 0.74, 19.4, 0.054, 44.0, 169.0, 1.0004, 3.51, 0.45, 9.8, 6
7.7, 0.35, 0.49, 8.65, 0.033, 42.0, 186.0, 0.9931, 3.14, 0.38, 12.4, 8
6.8, 0.27, 0.49, 1.2, 0.044, 35.0, 126.0, 0.99, 3.13, 0.48, 12.1, 7
7.4, 0.19, 0.49, 9.3, 0.03, 26.0, 132.0, 0.994, 2.99, 0.32, 11.0, 7
8.4, 0.23, 0.49, 7.8, 0.035, 22.0, 95.0, 0.9935, 3.04, 0.34, 12.0, 6
7.9, 0.28, 0.49, 7.7, 0.045, 48.0, 195.0, 0.9954, 3.04, 0.55, 11.0, 6
7.3, 0.26, 0.49, 5.0, 0.028, 32.0, 107.0, 0.9936, 3.24, 0.54, 10.8, 6
7.1, 0.18, 0.74, 15.6, 0.044, 44.0, 176.0, 0.9996, 3.38, 0.67, 9.0, 6
8.9, 0.13, 0.49, 1.0, 0.028, 6.0, 24.0, 0.9926, 2.91, 0.32, 9.9, 5
8.1, 0.28, 0.49, 1.0, 0.04, 32.0, 148.0, 0.9936, 3.13, 0.41, 10.0, 6
7.3, 0.14, 0.49, 1.1, 0.038, 28.0, 99.0, 0.9928, 3.2, 0.72, 10.6, 6
7.6, 0.23, 0.49, 10.0, 0.036, 45.0, 182.0, 0.9967, 3.08, 0.58, 9.6, 6
7.1, 0.34, 0.49, 1.5, 0.027, 26.0, 126.0, 0.99, 3.3, 0.33, 12.2, 7
7.5, 0.19, 0.49, 1.8, 0.055, 19.0, 110.0, 0.9946, 3.33, 0.44, 9.9, 5
7.1, 0.64, 0.49, 1.8, 0.05, 17.0, 128.0, 0.9946, 3.31, 0.58, 10.6, 4
7.3, 0.3, 0.74, 13.5, 0.039, 46.0, 165.0, 0.9982, 3.02, 0.4, 8.7, 5
6.4, 0.25, 0.74, 7.8, 0.045, 52.0, 209.0, 0.9956, 3.21, 0.42, 9.2, 6
7.0, 0.27, 0.74, 1.5, 0.036, 27.0, 122.0, 0.9926, 3.35, 0.48, 11.2, 6
7.9, 0.14, 0.74, 1.2, 0.028, 30.0, 165.0, 0.991, 3.08, 0.82, 12.3, 6
6.8, 0.21, 0.74, 1.2, 0.047, 25.0, 111.0, 0.9916, 3.13, 0.41, 10.7, 6
6.7, 0.33, 0.49, 1.6, 0.167, 20.0, 94.0, 0.9914, 3.11, 0.5, 11.4, 6
7.0, 0.29, 0.49, 3.8, 0.047, 37.0, 136.0, 0.9938, 2.95, 0.4, 9.4, 6
8.0, 0.29, 0.49, 11.7, 0.035, 40.0, 131.0, 0.9958, 3.14, 0.34, 10.8, 5
8.9, 0.32, 0.49, 1.6, 0.05, 17.0, 131.0, 0.9956, 3.13, 0.34, 9.4, 5
6.9, 0.25, 0.24, 1.8, 0.053, 6.0, 121.0, 0.993, 3.23, 0.7, 11.4, 5
8.2, 0.2, 0.49, 3.5, 0.057, 14.0, 108.0, 0.9928, 3.19, 0.35, 11.5, 6
7.9, 0.22, 0.49, 3.8, 0.042, 26.0, 105.0, 0.993, 3.1, 0.39, 10.5, 5
6.4, 0.22, 0.49, 7.5, 0.054, 42.0, 151.0, 0.9948, 3.27, 0.52, 10.1, 6
7.3, 0.19, 0.49, 15.55, 0.058, 50.0, 134.0, 0.9998, 3.42, 0.36, 9.1, 7
8.2, 0.29, 0.49, 1.0, 0.044, 29.0, 118.0, 0.9928, 3.24, 0.36, 10.9, 4
6.6, 0.325, 0.49, 7.7, 0.049, 53.0, 217.0, 0.996, 3.16, 0.4, 9.3, 5
8.1, 0.28, 0.46, 15.4, 0.059, 32.0, 177.0, 1.0004, 3.27, 0.58, 9.0, 4
8.8, 0.39, 0.34, 5.9, 0.055, 33.0, 128.0, 0.9927, 2.95, 0.51, 11.8, 6
6.2, 0.3, 0.2, 6.6, 0.045, 42.0, 170.0, 0.9944, 3.36, 0.45, 10.4, 6
6.4, 0.35, 0.2, 5.7, 0.034, 18.0, 117.0, 0.9944, 3.33, 0.43, 10.1, 5
7.6, 0.32, 0.34, 18.35, 0.054, 44.0, 197.0, 1.0008, 3.22, 0.55, 9.0, 5
7.2, 0.25, 0.28, 14.4, 0.055, 55.0, 205.0, 0.9986, 3.12, 0.38, 9.0, 7
9.0, 0.43, 0.3, 1.5, 0.05, 7.0, 175.0, 0.9951, 3.11, 0.45, 9.7, 4
6.7, 0.265, 0.22, 8.6, 0.048, 54.0, 198.0, 0.9955, 3.25, 0.41, 10.2, 5
7.2, 0.21, 0.33, 3.0, 0.036, 35.0, 132.0, 0.9928, 3.25, 0.4, 11.0, 6
6.7, 0.26, 0.3, 1.8, 0.043, 25.0, 121.0, 0.9944, 3.44, 0.61, 10.2, 6
7.9, 0.29, 0.36, 11.1, 0.033, 43.0, 208.0, 0.9969, 3.14, 0.46, 10.3, 5
6.5, 0.27, 0.19, 4.2, 0.046, 6.0, 114.0, 0.9955, 3.25, 0.35, 8.6, 4
6.6, 0.34, 0.27, 6.2, 0.059, 23.0, 136.0, 0.9957, 3.3, 0.49, 10.1, 6
7.6, 0.2, 0.39, 2.6, 0.044, 30.0, 180.0, 0.9941, 3.46, 0.44, 10.8, 7
8.2, 0.15, 0.48, 2.7, 0.052, 24.0, 190.0, 0.995, 3.5, 0.45, 10.9, 7
7.0, 0.13, 0.3, 5.0, 0.056, 31.0, 122.0, 0.9945, 3.47, 0.42, 10.5, 6
7.6, 0.445, 0.44, 14.5, 0.045, 68.0, 212.0, 0.9986, 3.48, 0.36, 10.0, 6
8.1, 0.3, 0.31, 1.1, 0.041, 49.0, 123.0, 0.9914, 2.99, 0.45, 11.1, 6
8.0, 0.32, 0.36, 4.6, 0.042, 56.0, 178.0, 0.9928, 3.29, 0.47, 12.0, 6
8.4, 0.29, 0.29, 1.05, 0.032, 4.0, 55.0, 0.9908, 2.91, 0.32, 11.4, 4
6.6, 0.37, 0.47, 6.5, 0.061, 23.0, 150.0, 0.9954, 3.14, 0.45, 9.6, 6
6.3, 0.25, 0.23, 14.9, 0.039, 47.0, 142.0, 0.99705, 3.14, 0.35, 9.7, 6
7.5, 0.22, 0.29, 4.8, 0.05, 33.0, 87.0, 0.994, 3.14, 0.42, 9.9, 5
6.7, 0.27, 0.25, 8.0, 0.053, 54.0, 202.0, 0.9961, 3.22, 0.43, 9.3, 5
9.6, 0.21, 0.28, 1.2, 0.038, 12.0, 53.0, 0.9926, 2.8, 0.46, 10.6, 5
6.6, 0.37, 0.07, 1.4, 0.048, 58.0, 144.0, 0.9922, 3.17, 0.38, 10.0, 5
7.7, 0.43, 0.28, 4.5, 0.046, 33.0, 102.0, 0.9918, 3.16, 0.56, 12.2, 7
8.7, 0.45, 0.4, 1.5, 0.067, 17.0, 100.0, 0.9957, 3.27, 0.57, 10.1, 6
7.2, 0.26, 0.3, 2.1, 0.033, 50.0, 158.0, 0.9909, 3.33, 0.43, 12.1, 7
7.8, 0.2, 0.24, 1.6, 0.026, 26.0, 189.0, 0.991, 3.08, 0.74, 12.1, 7
7.4, 0.35, 0.31, 17.95, 0.062, 42.0, 187.0, 1.0002, 3.27, 0.64, 9.1, 5
6.8, 0.23, 0.29, 15.4, 0.073, 56.0, 173.0, 0.9984, 3.06, 0.41, 8.7, 6
6.4, 0.26, 0.21, 7.1, 0.04, 35.0, 162.0, 0.9956, 3.39, 0.58, 9.9, 6
6.8, 0.23, 0.29, 15.4, 0.073, 56.0, 173.0, 0.9984, 3.06, 0.41, 8.7, 6
6.4, 0.26, 0.21, 7.1, 0.04, 35.0, 162.0, 0.9956, 3.39, 0.58, 9.9, 6
8.8, 0.2, 0.43, 15.0, 0.053, 60.0, 184.0, 1.0008, 3.28, 0.79, 8.8, 6
5.6, 0.46, 0.24, 4.8, 0.042, 24.0, 72.0, 0.9908, 3.29, 0.37, 12.6, 6
6.8, 0.33, 0.28, 1.2, 0.032, 38.0, 131.0, 0.9889, 3.19, 0.41, 13.0, 6
7.1, 0.32, 0.4, 1.5, 0.034, 13.0, 84.0, 0.9944, 3.42, 0.6, 10.4, 5
7.0, 0.19, 0.23, 5.7, 0.123, 27.0, 104.0, 0.9954, 3.04, 0.54, 9.4, 6
7.0, 0.19, 0.23, 5.7, 0.123, 27.0, 104.0, 0.9954, 3.04, 0.54, 9.4, 6
7.6, 0.26, 0.58, 7.9, 0.041, 62.0, 180.0, 0.9966, 3.07, 0.38, 9.0, 5
7.0, 0.24, 0.25, 1.7, 0.042, 48.0, 189.0, 0.992, 3.25, 0.42, 11.4, 6
6.4, 0.18, 0.31, 1.6, 0.049, 36.0, 127.0, 0.9934, 3.6, 0.67, 10.4, 7
8.9, 0.34, 0.34, 1.6, 0.056, 13.0, 176.0, 0.9946, 3.14, 0.47, 9.7, 5
7.8, 0.2, 0.28, 10.2, 0.054, 78.0, 186.0, 0.997, 3.14, 0.46, 10.0, 6
7.1, 0.25, 0.3, 2.4, 0.042, 25.0, 122.0, 0.994, 3.43, 0.61, 10.5, 6
6.9, 0.37, 0.28, 13.8, 0.031, 34.0, 137.0, 0.9948, 3.1, 0.37, 11.6, 6
7.4, 0.21, 0.27, 7.3, 0.031, 41.0, 144.0, 0.9932, 3.15, 0.38, 11.8, 7
5.8, 0.33, 0.2, 16.05, 0.047, 26.0, 166.0, 0.9976, 3.09, 0.46, 8.9, 5
5.8, 0.33, 0.2, 16.05, 0.047, 26.0, 166.0, 0.9976, 3.09, 0.46, 8.9, 5
7.7, 0.3, 0.42, 14.3, 0.045, 45.0, 213.0, 0.9991, 3.18, 0.63, 9.2, 5
7.7, 0.3, 0.42, 14.3, 0.045, 45.0, 213.0, 0.9991, 3.18, 0.63, 9.2, 5
7.6, 0.33, 0.41, 13.7, 0.045, 44.0, 197.0, 0.9989, 3.18, 0.64, 9.1, 5
7.9, 0.37, 0.3, 2.7, 0.029, 64.0, 158.0, 0.9916, 3.12, 0.59, 12.0, 7
7.2, 0.36, 0.36, 5.7, 0.038, 26.0, 98.0, 0.9914, 2.93, 0.59, 12.5, 7
7.2, 0.47, 0.65, 8.3, 0.083, 27.0, 182.0, 0.9964, 3.0, 0.35, 9.2, 5
8.3, 0.36, 0.57, 15.0, 0.052, 35.0, 256.0, 1.0001, 2.93, 0.64, 8.6, 5
8.0, 0.25, 0.13, 17.2, 0.036, 49.0, 219.0, 0.9996, 2.96, 0.46, 9.7, 5
8.5, 0.17, 0.31, 1.0, 0.024, 13.0, 91.0, 0.993, 2.79, 0.37, 10.1, 5
8.3, 0.49, 0.43, 2.5, 0.036, 32.0, 116.0, 0.9944, 3.23, 0.47, 10.7, 6
7.5, 0.26, 0.26, 18.35, 0.084, 33.0, 139.0, 1.0011, 3.17, 0.39, 8.8, 5
7.5, 0.38, 0.5, 12.8, 0.042, 57.0, 184.0, 0.9984, 3.09, 0.46, 9.0, 6
8.1, 0.19, 0.58, 16.65, 0.049, 48.0, 181.0, 1.0006, 3.2, 0.62, 9.1, 6
7.0, 0.12, 0.28, 6.3, 0.057, 17.0, 103.0, 0.9957, 3.5, 0.44, 9.6, 5
6.8, 0.31, 0.09, 1.4, 0.04, 56.0, 145.0, 0.9922, 3.19, 0.46, 10.0, 5
7.4, 0.26, 0.31, 2.4, 0.043, 58.0, 178.0, 0.9941, 3.42, 0.68, 10.6, 6
7.2, 0.15, 0.39, 1.8, 0.043, 21.0, 159.0, 0.9948, 3.52, 0.47, 10.0, 5
7.2, 0.15, 0.39, 1.8, 0.043, 21.0, 159.0, 0.9948, 3.52, 0.47, 10.0, 5
6.6, 0.32, 0.22, 16.7, 0.046, 38.0, 133.0, 0.9979, 3.22, 0.67, 10.4, 6
6.3, 0.21, 0.28, 1.5, 0.051, 46.0, 142.0, 0.9928, 3.23, 0.42, 10.1, 6
6.3, 0.21, 0.28, 1.5, 0.051, 46.0, 142.0, 0.9928, 3.23, 0.42, 10.1, 6
8.0, 0.43, 0.4, 12.4, 0.168, 29.0, 190.0, 0.9991, 3.07, 0.64, 9.2, 5
7.2, 0.23, 0.33, 12.7, 0.049, 50.0, 183.0, 0.9987, 3.41, 0.4, 9.8, 5
8.7, 0.24, 0.35, 0.6, 0.042, 11.0, 71.0, 0.9926, 3.08, 0.38, 10.6, 5
5.6, 0.13, 0.27, 4.8, 0.028, 22.0, 104.0, 0.9948, 3.34, 0.45, 9.2, 6
5.7, 0.385, 0.04, 12.6, 0.034, 22.0, 115.0, 0.9964, 3.28, 0.63, 9.9, 6
6.8, 0.33, 0.44, 7.0, 0.05, 29.0, 155.0, 0.9955, 3.14, 0.42, 9.5, 5
6.8, 0.21, 0.27, 18.15, 0.042, 41.0, 146.0, 1.0001, 3.3, 0.36, 8.7, 5
6.5, 0.19, 0.26, 5.2, 0.04, 31.0, 140.0, 0.995, 3.26, 0.68, 9.5, 6
7.4, 0.45, 0.32, 7.1, 0.044, 17.0, 117.0, 0.9962, 3.32, 0.41, 10.4, 4
6.6, 0.22, 0.53, 15.1, 0.052, 22.0, 136.0, 0.9986, 2.94, 0.35, 9.4, 5
6.8, 0.32, 0.34, 6.0, 0.05, 5.0, 129.0, 0.9953, 3.19, 0.4, 9.1, 5
6.7, 0.24, 0.33, 12.3, 0.046, 31.0, 145.0, 0.9983, 3.36, 0.4, 9.5, 5
7.4, 0.18, 0.36, 13.1, 0.056, 72.0, 163.0, 1.0, 3.42, 0.35, 9.1, 6
6.0, 0.16, 0.3, 6.7, 0.043, 43.0, 153.0, 0.9951, 3.63, 0.46, 10.6, 5
7.4, 0.18, 0.36, 13.1, 0.056, 72.0, 163.0, 1.0, 3.42, 0.35, 9.1, 6
6.5, 0.22, 0.25, 17.1, 0.05, 44.0, 138.0, 1.0001, 3.3, 0.37, 8.8, 5
6.8, 0.2, 0.27, 1.2, 0.034, 19.0, 68.0, 0.9902, 3.14, 0.37, 11.7, 4
6.4, 0.2, 0.32, 3.1, 0.041, 18.0, 126.0, 0.9914, 3.43, 0.42, 12.0, 6
6.8, 0.25, 0.27, 10.7, 0.076, 47.0, 154.0, 0.9967, 3.05, 0.38, 9.0, 5
7.7, 0.39, 0.28, 4.9, 0.035, 36.0, 109.0, 0.9918, 3.19, 0.58, 12.2, 7
6.5, 0.43, 0.28, 12.0, 0.056, 23.0, 174.0, 0.9986, 3.31, 0.55, 9.3, 5
5.9, 0.5, 0.05, 2.6, 0.054, 36.0, 146.0, 0.9948, 3.43, 0.5, 9.2, 6
7.0, 0.35, 0.24, 1.9, 0.04, 21.0, 144.0, 0.9923, 3.35, 0.38, 11.0, 5
5.5, 0.24, 0.32, 8.7, 0.06, 19.0, 102.0, 0.994, 3.27, 0.31, 10.4, 5
7.1, 0.33, 0.64, 13.2, 0.056, 12.0, 105.0, 0.9972, 3.05, 0.39, 9.2, 5
7.5, 0.26, 0.52, 13.2, 0.047, 64.0, 179.0, 0.9982, 3.1, 0.46, 9.0, 5
7.2, 0.2, 0.31, 10.0, 0.054, 49.0, 165.0, 0.997, 3.4, 0.42, 9.9, 6
7.1, 0.33, 0.64, 13.2, 0.056, 12.0, 105.0, 0.9972, 3.05, 0.39, 9.2, 5
7.7, 0.28, 0.35, 15.3, 0.056, 31.0, 117.0, 0.9998, 3.27, 0.5, 9.6, 5
7.5, 0.18, 0.39, 1.9, 0.054, 23.0, 91.0, 0.9941, 3.27, 0.45, 10.3, 6
9.8, 0.93, 0.45, 8.6, 0.052, 34.0, 187.0, 0.9994, 3.12, 0.59, 10.2, 4
7.9, 0.28, 0.32, 3.6, 0.038, 9.0, 76.0, 0.992, 3.05, 0.31, 11.7, 4
6.8, 0.37, 0.28, 4.0, 0.03, 29.0, 79.0, 0.99, 3.23, 0.46, 12.4, 7
8.5, 0.25, 0.27, 4.7, 0.031, 31.0, 92.0, 0.9922, 3.01, 0.33, 12.0, 6
7.4, 0.19, 0.3, 12.8, 0.053, 48.5, 229.0, 0.9986, 3.14, 0.49, 9.1, 7
8.0, 0.36, 0.43, 10.1, 0.053, 29.0, 146.0, 0.9982, 3.4, 0.46, 9.5, 6
6.4, 0.33, 0.24, 9.8, 0.041, 29.0, 109.0, 0.9956, 3.29, 0.47, 10.1, 6
7.5, 0.18, 0.31, 11.7, 0.051, 24.0, 94.0, 0.997, 3.19, 0.44, 9.5, 7
7.9, 0.28, 0.41, 4.9, 0.058, 31.0, 153.0, 0.9966, 3.27, 0.51, 9.7, 6
6.4, 0.24, 0.23, 7.3, 0.069, 31.0, 157.0, 0.9962, 3.25, 0.53, 9.1, 5
7.1, 0.26, 0.19, 8.2, 0.051, 53.0, 187.0, 0.996, 3.16, 0.52, 9.7, 5
7.8, 0.24, 0.38, 2.1, 0.058, 14.0, 167.0, 0.994, 3.21, 0.55, 9.9, 5
7.1, 0.26, 0.3, 2.0, 0.031, 13.0, 128.0, 0.9917, 3.19, 0.49, 11.4, 5
7.0, 0.22, 0.32, 1.6, 0.045, 40.0, 120.0, 0.9914, 2.98, 0.44, 10.5, 6
8.0, 0.45, 0.28, 10.8, 0.051, 25.0, 157.0, 0.9957, 3.06, 0.47, 11.4, 7
7.1, 0.2, 0.36, 11.6, 0.042, 45.0, 124.0, 0.997, 2.92, 0.59, 9.5, 7
6.5, 0.39, 0.35, 1.6, 0.049, 10.0, 164.0, 0.99516, 3.35, 0.51, 9.7, 5
7.1, 0.28, 0.19, 7.8, 0.04, 48.0, 184.0, 0.99579, 3.16, 0.5, 9.4, 5
7.2, 0.29, 0.18, 8.2, 0.042, 41.0, 180.0, 0.99644, 3.16, 0.49, 9.1, 5
6.1, 0.23, 0.45, 10.6, 0.094, 49.0, 169.0, 0.99699, 3.05, 0.54, 8.8, 5
7.0, 0.36, 0.14, 11.6, 0.043, 35.0, 228.0, 0.9977, 3.13, 0.51, 8.9, 5
7.5, 0.31, 0.24, 7.1, 0.031, 28.0, 141.0, 0.99397, 3.16, 0.38, 10.6, 7
7.1, 0.14, 0.35, 1.4, 0.039, 24.0, 128.0, 0.99212, 2.97, 0.68, 10.4, 5
7.2, 0.39, 0.54, 1.4, 0.157, 34.0, 132.0, 0.99449, 3.11, 0.53, 9.0, 6
6.1, 0.46, 0.32, 6.2, 0.053, 10.0, 94.0, 0.99537, 3.35, 0.47, 10.1, 5
6.6, 0.41, 0.24, 4.9, 0.158, 47.0, 144.0, 0.99471, 3.17, 0.49, 9.4, 5
7.4, 0.33, 0.26, 15.6, 0.049, 67.0, 210.0, 0.99907, 3.06, 0.68, 9.5, 5
7.3, 0.4, 0.28, 6.5, 0.037, 26.0, 97.0, 0.99148, 3.16, 0.58, 12.6, 7
8.6, 0.17, 0.28, 2.7, 0.047, 38.0, 150.0, 0.99365, 3.1, 0.56, 10.8, 6
6.5, 0.32, 0.23, 1.2, 0.054, 39.0, 208.0, 0.99272, 3.18, 0.46, 9.9, 6
6.5, 0.29, 0.42, 10.6, 0.042, 66.0, 202.0, 0.99674, 3.24, 0.53, 9.5, 6
7.3, 0.3, 0.33, 2.3, 0.043, 28.0, 125.0, 0.99084, 3.34, 0.44, 12.6, 7
7.0, 0.36, 0.3, 5.0, 0.04, 40.0, 143.0, 0.99173, 3.33, 0.42, 12.2, 7
6.8, 0.21, 0.55, 14.6, 0.053, 34.0, 159.0, 0.99805, 2.93, 0.44, 9.2, 5
6.8, 0.21, 0.55, 14.6, 0.053, 34.0, 159.0, 0.99805, 2.93, 0.44, 9.2, 5
7.7, 0.42, 0.38, 8.1, 0.061, 49.0, 144.0, 0.9966, 3.4, 0.58, 11.0, 6
6.6, 0.4, 0.32, 1.7, 0.035, 39.0, 84.0, 0.99096, 3.59, 0.48, 12.7, 7
6.9, 0.3, 0.21, 7.2, 0.045, 54.0, 190.0, 0.99595, 3.22, 0.48, 9.4, 5
6.3, 0.4, 0.32, 10.6, 0.049, 38.0, 209.0, 0.9981, 3.47, 0.59, 9.3, 6
7.0, 0.23, 0.26, 7.2, 0.041, 21.0, 90.0, 0.99509, 3.22, 0.55, 9.5, 6
7.9, 0.46, 0.4, 10.1, 0.168, 19.0, 184.0, 0.99782, 3.06, 0.62, 9.5, 5
7.9, 0.31, 0.22, 13.3, 0.048, 46.0, 212.0, 0.99942, 3.47, 0.59, 10.0, 5
6.7, 0.24, 0.26, 12.6, 0.053, 44.0, 182.0, 0.99802, 3.42, 0.42, 9.7, 5
6.6, 0.32, 0.24, 1.3, 0.06, 42.5, 204.0, 0.99512, 3.59, 0.51, 9.2, 5
6.7, 0.26, 0.29, 5.8, 0.025, 26.0, 74.0, 0.9929, 3.28, 0.53, 11.0, 6
7.6, 0.2, 0.68, 12.9, 0.042, 56.0, 160.0, 0.99841, 3.05, 0.41, 8.7, 5
7.6, 0.31, 0.27, 5.8, 0.036, 23.0, 109.0, 0.99399, 3.34, 0.54, 11.0, 6
8.1, 0.4, 0.32, 7.9, 0.031, 23.0, 118.0, 0.99176, 3.05, 0.46, 13.3, 7
7.3, 0.22, 0.26, 1.5, 0.04, 32.0, 172.0, 0.99194, 3.27, 0.48, 11.2, 6
6.4, 0.27, 0.17, 8.4, 0.044, 60.0, 198.0, 0.99578, 3.21, 0.47, 9.4, 5
6.8, 0.46, 0.26, 6.3, 0.147, 49.0, 159.0, 0.99434, 3.14, 0.47, 10.0, 5
7.2, 0.2, 0.28, 1.6, 0.028, 13.0, 168.0, 0.99203, 3.17, 1.06, 11.5, 6
6.6, 0.32, 0.33, 2.5, 0.052, 40.0, 219.5, 0.99316, 3.15, 0.6, 10.0, 5
6.6, 0.34, 0.34, 2.6, 0.051, 40.5, 210.0, 0.99314, 3.15, 0.61, 10.0, 5
6.6, 0.32, 0.33, 2.5, 0.052, 40.0, 210.0, 0.99316, 3.15, 0.6, 10.0, 5
6.7, 0.27, 0.26, 2.3, 0.043, 61.0, 181.0, 0.99394, 3.45, 0.63, 10.6, 6
8.1, 0.33, 0.36, 7.4, 0.037, 36.0, 156.0, 0.99592, 3.19, 0.54, 10.6, 6
7.8, 0.32, 0.33, 10.4, 0.031, 47.0, 194.0, 0.99692, 3.07, 0.58, 9.6, 6
7.4, 0.56, 0.09, 1.5, 0.071, 19.0, 117.0, 0.99496, 3.22, 0.53, 9.8, 5
6.1, 0.27, 0.31, 1.5, 0.035, 17.0, 83.0, 0.99076, 3.32, 0.44, 11.1, 7
6.4, 0.3, 0.16, 7.5, 0.05, 55.0, 191.0, 0.9959, 3.17, 0.49, 9.0, 5
7.9, 0.27, 0.27, 1.7, 0.034, 25.0, 122.0, 0.99088, 2.97, 0.51, 11.9, 6
6.0, 0.2, 0.24, 5.3, 0.075, 49.0, 201.0, 0.99466, 3.21, 0.43, 9.5, 5
7.6, 0.31, 0.23, 12.7, 0.054, 20.0, 139.0, 0.99836, 3.16, 0.5, 9.7, 4
6.3, 0.18, 0.22, 1.5, 0.043, 45.0, 155.0, 0.99238, 3.19, 0.48, 10.2, 5
6.6, 0.32, 0.34, 7.7, 0.044, 63.0, 212.0, 0.99526, 3.22, 0.48, 9.7, 6
7.1, 0.34, 0.31, 5.2, 0.032, 36.0, 140.0, 0.99166, 3.35, 0.47, 12.3, 7
6.2, 0.3, 0.49, 11.2, 0.058, 68.0, 215.0, 0.99656, 3.19, 0.6, 9.4, 6
7.3, 0.17, 0.24, 8.1, 0.121, 32.0, 162.0, 0.99508, 3.17, 0.38, 10.4, 8
7.3, 0.16, 0.35, 1.5, 0.036, 29.0, 108.0, 0.99342, 3.27, 0.51, 10.2, 6
6.6, 0.42, 0.13, 12.8, 0.044, 26.0, 158.0, 0.99772, 3.24, 0.47, 9.0, 5
6.4, 0.22, 0.3, 11.2, 0.046, 53.0, 149.0, 0.99479, 3.21, 0.34, 10.8, 5
6.8, 0.23, 0.3, 1.7, 0.043, 19.0, 95.0, 0.99207, 3.17, 0.46, 10.7, 7
9.0, 0.26, 0.34, 6.7, 0.029, 21.0, 162.0, 0.99497, 3.08, 0.5, 10.6, 6
9.0, 0.26, 0.34, 6.7, 0.029, 21.0, 162.0, 0.99497, 3.08, 0.5, 10.6, 6
8.9, 0.27, 0.34, 10.7, 0.029, 19.5, 166.0, 0.99669, 3.13, 0.48, 10.6, 5
6.2, 0.33, 0.14, 4.8, 0.052, 27.0, 128.0, 0.99475, 3.21, 0.48, 9.4, 5
5.7, 0.255, 0.65, 1.2, 0.079, 17.0, 137.0, 0.99307, 3.2, 0.42, 9.4, 5
7.3, 0.37, 0.16, 14.9, 0.048, 59.0, 240.0, 0.99902, 3.13, 0.45, 8.9, 5
6.6, 0.24, 0.28, 1.8, 0.028, 39.0, 132.0, 0.99182, 3.34, 0.46, 11.4, 5
7.0, 0.14, 0.28, 1.3, 0.026, 10.0, 56.0, 0.99352, 3.46, 0.45, 9.9, 5
6.4, 0.28, 0.56, 1.7, 0.156, 49.0, 106.0, 0.99354, 3.1, 0.37, 9.2, 6
7.7, 0.3, 0.26, 18.95, 0.053, 36.0, 174.0, 0.99976, 3.2, 0.5, 10.4, 5
6.8, 0.18, 0.3, 12.8, 0.062, 19.0, 171.0, 0.99808, 3.0, 0.52, 9.0, 7
6.8, 0.18, 0.3, 12.8, 0.062, 19.0, 171.0, 0.99808, 3.0, 0.52, 9.0, 7
5.1, 0.14, 0.25, 0.7, 0.039, 15.0, 89.0, 0.9919, 3.22, 0.43, 9.2, 6
6.8, 0.18, 0.3, 12.8, 0.062, 19.0, 171.0, 0.99808, 3.0, 0.52, 9.0, 7
7.8, 0.28, 0.31, 2.1, 0.046, 28.0, 208.0, 0.99434, 3.23, 0.64, 9.8, 5
6.4, 0.22, 0.34, 1.4, 0.023, 56.0, 115.0, 0.98958, 3.18, 0.7, 11.7, 6
6.8, 0.11, 0.42, 1.1, 0.042, 51.0, 132.0, 0.99059, 3.18, 0.74, 11.3, 7
6.4, 0.22, 0.34, 1.4, 0.023, 56.0, 115.0, 0.98958, 3.18, 0.7, 11.7, 6
7.2, 0.2, 0.36, 2.5, 0.028, 22.0, 157.0, 0.9938, 3.48, 0.49, 10.6, 6
8.9, 0.26, 0.33, 8.1, 0.024, 47.0, 202.0, 0.99558, 3.13, 0.46, 10.8, 6
6.5, 0.18, 0.41, 14.2, 0.039, 47.0, 129.0, 0.99678, 3.28, 0.72, 10.3, 7
6.6, 0.26, 0.21, 2.9, 0.026, 48.0, 126.0, 0.99089, 3.22, 0.38, 11.3, 7
5.9, 0.445, 0.26, 1.4, 0.027, 23.0, 109.0, 0.99148, 3.3, 0.36, 10.5, 6
6.7, 0.28, 0.28, 2.4, 0.012, 36.0, 100.0, 0.99064, 3.26, 0.39, 11.7, 7
7.2, 0.24, 0.27, 11.4, 0.034, 40.0, 174.0, 0.99773, 3.2, 0.44, 9.0, 5
8.2, 0.32, 0.26, 2.1, 0.062, 26.0, 87.0, 0.98974, 3.1, 0.47, 12.8, 6
6.1, 0.15, 0.35, 15.8, 0.042, 55.0, 158.0, 0.99642, 3.24, 0.37, 10.6, 5
5.7, 0.18, 0.36, 1.2, 0.046, 9.0, 71.0, 0.99199, 3.7, 0.68, 10.9, 7
6.6, 0.23, 0.29, 14.45, 0.057, 29.0, 144.0, 0.99756, 3.33, 0.54, 10.2, 6
7.15, 0.17, 0.24, 9.6, 0.119, 56.0, 178.0, 0.99578, 3.15, 0.44, 10.2, 6
6.4, 0.28, 0.27, 11.0, 0.042, 45.0, 148.0, 0.99786, 3.14, 0.46, 8.7, 5
6.9, 0.4, 0.22, 5.95, 0.081, 76.0, 303.0, 0.99705, 3.4, 0.57, 9.4, 5
6.45, 0.14, 0.42, 1.2, 0.05, 51.0, 129.0, 0.99116, 3.27, 0.69, 11.1, 7
7.1, 0.15, 0.34, 1.0, 0.033, 27.0, 73.0, 0.98974, 3.24, 0.41, 12.2, 6
7.0, 0.23, 0.33, 1.0, 0.043, 46.0, 110.0, 0.99118, 3.04, 0.65, 10.8, 6
5.9, 0.34, 0.31, 2.0, 0.03, 38.0, 142.0, 0.98892, 3.4, 0.41, 12.9, 7
9.6, 0.655, 0.21, 2.0, 0.039, 21.0, 120.0, 0.99188, 3.0, 1.0, 12.6, 6
5.9, 0.3, 0.3, 2.0, 0.03, 38.0, 142.0, 0.98892, 3.41, 0.41, 12.9, 7
7.2, 0.32, 0.24, 5.6, 0.033, 23.0, 120.0, 0.99334, 2.92, 0.66, 10.3, 7
7.2, 0.19, 0.27, 11.2, 0.061, 46.0, 149.0, 0.99772, 2.99, 0.59, 9.3, 6
7.6, 0.32, 0.25, 9.5, 0.03, 15.0, 136.0, 0.99367, 3.1, 0.44, 12.1, 6
7.2, 0.19, 0.27, 11.2, 0.061, 46.0, 149.0, 0.99772, 2.99, 0.59, 9.3, 6
6.2, 0.28, 0.27, 10.3, 0.03, 26.0, 108.0, 0.99388, 3.2, 0.36, 10.7, 6
5.7, 0.23, 0.28, 9.65, 0.025, 26.0, 121.0, 0.9925, 3.28, 0.38, 11.3, 6
6.7, 0.26, 0.39, 6.4, 0.171, 64.0, 200.0, 0.99562, 3.19, 0.38, 9.4, 6
7.8, 0.25, 0.34, 13.7, 0.044, 66.0, 184.0, 0.99976, 3.22, 0.75, 8.9, 5
5.2, 0.28, 0.29, 1.1, 0.028, 18.0, 69.0, 0.99168, 3.24, 0.54, 10.0, 6
6.5, 0.29, 0.31, 1.7, 0.035, 24.0, 79.0, 0.99053, 3.27, 0.69, 11.4, 7
7.1, 0.29, 0.28, 9.3, 0.048, 50.0, 141.0, 0.9949, 3.13, 0.49, 10.3, 6
6.7, 0.27, 0.33, 3.6, 0.034, 9.0, 45.0, 0.99144, 3.08, 0.4, 10.5, 6
8.6, 0.33, 0.34, 11.8, 0.059, 42.0, 240.0, 0.99882, 3.17, 0.52, 10.0, 6
7.9, 0.16, 0.3, 7.4, 0.05, 58.0, 152.0, 0.99612, 3.12, 0.37, 9.5, 6
6.3, 0.2, 0.24, 1.7, 0.052, 36.0, 135.0, 0.99374, 3.8, 0.66, 10.8, 6
6.2, 0.29, 0.32, 3.6, 0.026, 39.0, 138.0, 0.9892, 3.31, 0.37, 13.1, 7
7.0, 0.36, 0.32, 10.05, 0.045, 37.0, 131.0, 0.99352, 3.09, 0.33, 11.7, 8
7.0, 0.36, 0.32, 10.5, 0.045, 35.0, 135.0, 0.9935, 3.09, 0.33, 11.6, 8
6.4, 0.24, 0.25, 20.2, 0.083, 35.0, 157.0, 0.99976, 3.17, 0.5, 9.1, 5
8.0, 0.3, 0.36, 11.0, 0.034, 8.0, 70.0, 0.99354, 3.05, 0.41, 12.2, 6
6.9, 0.4, 0.43, 6.2, 0.065, 42.0, 178.0, 0.99552, 3.11, 0.53, 9.4, 5
6.5, 0.37, 0.3, 2.2, 0.033, 39.0, 107.0, 0.98894, 3.22, 0.53, 13.5, 7
6.7, 0.16, 0.37, 1.3, 0.036, 45.0, 125.0, 0.98964, 3.19, 0.51, 12.4, 7
6.6, 0.25, 0.51, 8.0, 0.047, 61.0, 189.0, 0.99604, 3.22, 0.49, 9.2, 5
5.5, 0.15, 0.32, 14.0, 0.031, 16.0, 99.0, 0.99437, 3.26, 0.38, 11.5, 8
7.8, 0.26, 0.31, 3.6, 0.025, 22.0, 100.0, 0.99066, 2.99, 0.47, 12.1, 7
6.0, 0.11, 0.47, 10.6, 0.052, 69.0, 148.0, 0.9958, 2.91, 0.34, 9.3, 4
6.0, 0.21, 0.34, 2.0, 0.042, 63.0, 123.0, 0.99052, 3.44, 0.42, 11.4, 6
6.3, 0.25, 0.22, 3.3, 0.048, 41.0, 161.0, 0.99256, 3.16, 0.5, 10.5, 6
6.4, 0.14, 0.31, 1.2, 0.034, 53.0, 138.0, 0.99084, 3.38, 0.35, 11.5, 7
6.6, 0.22, 0.34, 11.6, 0.05, 59.0, 140.0, 0.99526, 3.22, 0.4, 10.8, 5
6.6, 0.45, 0.43, 7.2, 0.064, 31.0, 186.0, 0.9954, 3.12, 0.44, 9.4, 5
6.5, 0.22, 0.45, 8.0, 0.053, 52.0, 196.0, 0.9959, 3.23, 0.48, 9.1, 6
6.5, 0.37, 0.33, 3.5, 0.036, 23.0, 92.0, 0.99136, 3.18, 0.38, 11.2, 6
6.7, 0.24, 0.29, 14.9, 0.053, 55.0, 136.0, 0.99839, 3.03, 0.52, 9.0, 5
7.3, 0.23, 0.34, 9.3, 0.052, 19.0, 86.0, 0.99574, 3.04, 0.56, 10.0, 5
6.6, 0.21, 0.36, 0.8, 0.034, 48.0, 113.0, 0.99165, 3.24, 0.68, 10.5, 6
5.6, 0.19, 0.46, 1.1, 0.032, 33.0, 115.0, 0.9909, 3.36, 0.5, 10.4, 6
6.7, 0.48, 0.32, 1.4, 0.021, 22.0, 121.0, 0.9889, 3.15, 0.53, 12.7, 7
6.0, 0.17, 0.29, 5.0, 0.028, 25.0, 108.0, 0.99076, 3.14, 0.34, 12.3, 6
6.7, 0.15, 0.38, 1.7, 0.037, 20.0, 84.0, 0.99046, 3.09, 0.53, 11.4, 6
6.8, 0.475, 0.33, 3.95, 0.047, 16.0, 81.0, 0.98988, 3.23, 0.53, 13.4, 7
5.2, 0.285, 0.29, 5.15, 0.035, 64.0, 138.0, 0.9895, 3.19, 0.34, 12.4, 8
6.1, 0.16, 0.37, 1.1, 0.031, 37.0, 97.0, 0.9922, 3.4, 0.58, 10.5, 6
5.7, 0.21, 0.25, 1.1, 0.035, 26.0, 81.0, 0.9902, 3.31, 0.52, 11.4, 6
6.2, 0.18, 0.3, 1.0, 0.031, 23.0, 73.0, 0.99032, 3.23, 0.52, 11.3, 6
6.1, 0.37, 0.2, 7.6, 0.031, 49.0, 170.0, 0.99558, 3.22, 0.48, 9.5, 5
7.7, 0.18, 0.3, 1.2, 0.046, 49.0, 199.0, 0.99413, 3.03, 0.38, 9.3, 5
6.9, 0.14, 0.38, 1.0, 0.041, 22.0, 81.0, 0.99043, 3.03, 0.54, 11.4, 6
6.5, 0.44, 0.47, 5.45, 0.014, 44.0, 137.0, 0.98984, 3.13, 0.32, 13.0, 8
6.9, 0.22, 0.31, 6.3, 0.029, 41.0, 131.0, 0.99326, 3.08, 0.49, 10.8, 6
7.0, 0.12, 0.29, 10.3, 0.039, 41.0, 98.0, 0.99564, 3.19, 0.38, 9.8, 8
7.4, 0.35, 0.24, 6.0, 0.042, 28.0, 123.0, 0.99304, 3.14, 0.44, 11.3, 5
6.4, 0.12, 0.3, 1.1, 0.031, 37.0, 94.0, 0.98986, 3.01, 0.56, 11.7, 6
6.9, 0.38, 0.38, 13.1, 0.112, 14.0, 94.0, 0.99792, 3.02, 0.48, 9.2, 5
5.8, 0.19, 0.24, 1.3, 0.044, 38.0, 128.0, 0.99362, 3.77, 0.6, 10.6, 5
6.6, 0.23, 0.3, 14.9, 0.051, 33.0, 118.0, 0.99835, 3.04, 0.54, 9.0, 6
6.6, 0.23, 0.2, 11.4, 0.044, 45.0, 131.0, 0.99604, 2.96, 0.51, 9.7, 6
6.6, 0.23, 0.2, 11.4, 0.044, 45.0, 131.0, 0.99604, 2.96, 0.51, 9.7, 6
6.3, 0.37, 0.28, 6.3, 0.034, 45.0, 152.0, 0.9921, 3.29, 0.46, 11.6, 7
6.6, 0.28, 0.34, 0.8, 0.037, 42.0, 119.0, 0.9888, 3.03, 0.37, 12.5, 6
6.6, 0.2, 0.27, 10.9, 0.038, 29.0, 130.0, 0.99496, 3.11, 0.44, 10.5, 7
5.9, 0.34, 0.3, 3.8, 0.035, 57.0, 135.0, 0.99016, 3.09, 0.34, 12.0, 6
7.0, 0.45, 0.34, 19.8, 0.04, 12.0, 67.0, 0.9976, 3.07, 0.38, 11.0, 6
6.0, 0.24, 0.33, 2.5, 0.026, 31.0, 85.0, 0.99014, 3.13, 0.5, 11.3, 7
7.1, 0.17, 0.43, 1.3, 0.023, 33.0, 132.0, 0.99067, 3.11, 0.56, 11.7, 6
6.2, 0.25, 0.54, 7.0, 0.046, 58.0, 176.0, 0.99454, 3.19, 0.7, 10.4, 5
6.8, 0.28, 0.43, 7.6, 0.03, 30.0, 110.0, 0.99164, 3.08, 0.59, 12.5, 8
6.6, 0.25, 0.33, 8.5, 0.042, 29.0, 141.0, 0.99546, 3.28, 0.6, 10.4, 5
6.4, 0.15, 0.4, 1.5, 0.042, 23.0, 87.0, 0.98972, 3.11, 0.46, 12.2, 7
6.3, 0.28, 0.3, 3.1, 0.039, 24.0, 115.0, 0.9942, 3.05, 0.43, 8.6, 5
6.1, 0.2, 0.34, 9.5, 0.041, 38.0, 201.0, 0.995, 3.14, 0.44, 10.1, 3
7.0, 0.25, 0.45, 2.3, 0.045, 40.0, 118.0, 0.99064, 3.16, 0.48, 11.9, 7
9.7, 0.24, 0.49, 4.9, 0.032, 3.0, 18.0, 0.99368, 2.85, 0.54, 10.0, 6
6.7, 0.34, 0.4, 2.1, 0.033, 34.0, 111.0, 0.98924, 2.97, 0.48, 12.2, 7
6.7, 0.14, 0.51, 4.3, 0.028, 57.0, 124.0, 0.99176, 2.91, 0.54, 10.7, 7
7.6, 0.21, 0.49, 2.5, 0.047, 20.0, 130.0, 0.99178, 3.15, 0.48, 11.1, 5
7.6, 0.27, 0.52, 3.2, 0.043, 28.0, 152.0, 0.99129, 3.02, 0.53, 11.4, 6
7.7, 0.25, 0.49, 2.5, 0.047, 31.0, 169.0, 0.99252, 3.07, 0.57, 10.6, 6
6.5, 0.24, 0.39, 17.3, 0.052, 22.0, 126.0, 0.99888, 3.11, 0.47, 9.2, 6
7.6, 0.23, 0.34, 1.6, 0.043, 24.0, 129.0, 0.99305, 3.12, 0.7, 10.4, 5
5.5, 0.18, 0.22, 5.5, 0.037, 10.0, 86.0, 0.99156, 3.46, 0.44, 12.2, 5
6.5, 0.33, 0.38, 2.5, 0.047, 30.0, 148.0, 0.98964, 3.17, 0.43, 12.7, 6
6.6, 0.25, 0.35, 2.9, 0.034, 38.0, 121.0, 0.99008, 3.19, 0.4, 12.8, 6
6.5, 0.16, 0.33, 4.8, 0.043, 45.0, 114.0, 0.992, 3.18, 0.44, 11.2, 6
6.6, 0.39, 0.39, 11.9, 0.057, 51.0, 221.0, 0.99851, 3.26, 0.51, 8.9, 6
7.2, 0.32, 0.4, 8.7, 0.038, 45.0, 154.0, 0.99568, 3.2, 0.47, 10.4, 6
7.2, 0.32, 0.4, 8.7, 0.038, 45.0, 154.0, 0.99568, 3.2, 0.47, 10.4, 6
5.8, 0.39, 0.47, 7.5, 0.027, 12.0, 88.0, 0.9907, 3.38, 0.45, 14.0, 6
6.2, 0.23, 0.36, 17.2, 0.039, 37.0, 130.0, 0.99946, 3.23, 0.43, 8.8, 6
6.5, 0.24, 0.38, 1.0, 0.027, 31.0, 90.0, 0.98926, 3.24, 0.36, 12.3, 6
5.8, 0.28, 0.3, 1.5, 0.026, 31.0, 114.0, 0.98952, 3.32, 0.6, 12.5, 7
7.6, 0.24, 0.44, 3.8, 0.037, 49.0, 146.0, 0.9911, 3.06, 0.37, 11.6, 6
5.5, 0.12, 0.33, 1.0, 0.038, 23.0, 131.0, 0.99164, 3.25, 0.45, 9.8, 5
6.4, 0.22, 0.38, 9.1, 0.044, 35.0, 127.0, 0.99326, 2.97, 0.3, 11.0, 7
6.6, 0.29, 0.39, 6.75, 0.031, 22.0, 98.0, 0.9913, 3.15, 0.8, 12.9, 7
6.8, 0.25, 0.24, 1.6, 0.045, 39.0, 164.0, 0.99402, 3.53, 0.58, 10.8, 5
5.8, 0.33, 0.23, 5.0, 0.053, 29.0, 106.0, 0.99458, 3.13, 0.52, 9.0, 5
6.5, 0.29, 0.25, 2.5, 0.142, 8.0, 111.0, 0.9927, 3.0, 0.44, 9.9, 4
9.0, 0.38, 0.53, 2.1, 0.102, 19.0, 76.0, 0.99001, 2.93, 0.57, 12.9, 5
6.6, 0.33, 0.4, 2.65, 0.041, 35.0, 86.0, 0.98916, 3.11, 0.39, 13.3, 7
6.8, 0.27, 0.42, 7.3, 0.054, 58.0, 200.0, 0.99556, 3.12, 0.49, 9.4, 6
6.7, 0.13, 0.57, 6.6, 0.056, 60.0, 150.0, 0.99548, 2.96, 0.43, 9.4, 6
5.7, 0.15, 0.28, 3.7, 0.045, 57.0, 151.0, 0.9913, 3.22, 0.27, 11.2, 6
7.6, 0.27, 0.29, 2.5, 0.059, 37.0, 115.0, 0.99328, 3.09, 0.37, 9.8, 5
5.8, 0.3, 0.42, 1.1, 0.036, 19.0, 113.0, 0.98871, 3.1, 0.46, 12.6, 7
6.4, 0.25, 0.37, 4.5, 0.039, 41.0, 147.0, 0.9921, 3.18, 0.4, 11.1, 7
6.4, 0.23, 0.35, 4.6, 0.039, 43.0, 147.0, 0.99216, 3.18, 0.4, 11.0, 7
6.7, 0.24, 0.37, 11.3, 0.043, 64.0, 173.0, 0.99632, 3.08, 0.53, 9.9, 6
7.1, 0.38, 0.4, 2.2, 0.042, 54.0, 201.0, 0.99177, 3.03, 0.5, 11.4, 5
5.8, 0.23, 0.2, 2.0, 0.043, 39.0, 154.0, 0.99226, 3.21, 0.39, 10.2, 6
6.5, 0.48, 0.02, 0.9, 0.043, 32.0, 99.0, 0.99226, 3.14, 0.47, 9.8, 4
6.5, 0.32, 0.3, 2.3, 0.051, 20.0, 127.0, 0.98964, 3.13, 0.52, 12.8, 6
5.6, 0.12, 0.33, 2.9, 0.044, 21.0, 73.0, 0.98896, 3.17, 0.32, 12.9, 8
6.6, 0.28, 0.41, 7.0, 0.046, 59.0, 194.0, 0.99558, 3.14, 0.48, 9.4, 5
6.0, 0.32, 0.3, 1.9, 0.033, 41.0, 142.0, 0.98912, 3.29, 0.42, 12.8, 7
9.4, 0.24, 0.29, 8.5, 0.037, 124.0, 208.0, 0.99395, 2.9, 0.38, 11.0, 3
6.7, 0.46, 0.27, 5.2, 0.039, 35.0, 96.0, 0.99129, 3.16, 0.44, 12.4, 7
5.9, 0.24, 0.28, 1.3, 0.032, 36.0, 95.0, 0.98889, 3.08, 0.64, 12.9, 7
7.3, 0.145, 0.33, 1.1, 0.042, 14.0, 64.0, 0.99012, 3.1, 0.37, 11.8, 7
6.6, 0.435, 0.38, 9.2, 0.058, 66.0, 243.0, 0.99833, 3.23, 0.54, 9.1, 6
5.8, 0.18, 0.37, 1.2, 0.036, 19.0, 74.0, 0.98853, 3.09, 0.49, 12.7, 7
6.6, 0.17, 0.28, 1.8, 0.042, 62.0, 178.0, 0.99204, 3.15, 0.42, 10.2, 5
6.5, 0.22, 0.28, 3.7, 0.059, 29.0, 151.0, 0.99177, 3.23, 0.41, 12.1, 7
6.9, 0.38, 0.29, 13.65, 0.048, 52.0, 189.0, 0.99784, 3.0, 0.6, 9.5, 6
6.9, 0.38, 0.29, 13.65, 0.048, 52.0, 189.0, 0.99784, 3.0, 0.6, 9.5, 6
7.2, 0.27, 0.28, 15.2, 0.046, 6.0, 41.0, 0.99665, 3.17, 0.39, 10.9, 6
7.2, 0.27, 0.28, 15.2, 0.046, 6.0, 41.0, 0.99665, 3.17, 0.39, 10.9, 6
6.4, 0.17, 0.27, 9.9, 0.047, 26.0, 101.0, 0.99596, 3.34, 0.5, 9.9, 6
6.7, 0.36, 0.28, 8.3, 0.034, 29.0, 81.0, 0.99151, 2.96, 0.39, 12.5, 6
6.5, 0.43, 0.28, 11.25, 0.032, 31.0, 87.0, 0.9922, 3.02, 0.38, 12.4, 6
7.6, 0.36, 0.49, 11.3, 0.046, 87.0, 221.0, 0.9984, 3.01, 0.43, 9.2, 5
6.9, 0.19, 0.35, 6.9, 0.045, 51.0, 125.0, 0.9933, 3.1, 0.44, 10.7, 7
6.1, 0.28, 0.27, 4.7, 0.03, 56.0, 140.0, 0.99042, 3.16, 0.42, 12.5, 8
8.8, 0.39, 0.35, 1.8, 0.096, 22.0, 80.0, 0.99016, 2.95, 0.54, 12.6, 6
6.6, 0.26, 0.46, 7.8, 0.047, 48.0, 186.0, 0.9958, 3.2, 0.54, 9.1, 5
6.1, 0.33, 0.32, 7.8, 0.052, 52.0, 183.0, 0.99657, 3.39, 0.65, 9.5, 5
8.8, 0.19, 0.3, 5.0, 0.028, 34.0, 120.0, 0.99242, 2.94, 0.47, 11.2, 5
6.7, 0.21, 0.48, 14.8, 0.05, 31.0, 195.0, 0.99942, 2.95, 0.75, 8.8, 6
7.2, 0.37, 0.4, 11.6, 0.032, 34.0, 214.0, 0.9963, 3.1, 0.51, 9.8, 6
6.3, 0.29, 0.28, 4.7, 0.059, 28.0, 81.0, 0.99036, 3.24, 0.56, 12.7, 8
6.2, 0.28, 0.28, 4.3, 0.026, 22.0, 105.0, 0.989, 2.98, 0.64, 13.1, 8
7.1, 0.17, 0.4, 14.55, 0.047, 47.0, 156.0, 0.99945, 3.34, 0.78, 9.1, 6
7.1, 0.18, 0.39, 15.25, 0.047, 45.0, 158.0, 0.99946, 3.34, 0.77, 9.1, 6
6.7, 0.3, 0.44, 18.5, 0.057, 65.0, 224.0, 0.99956, 3.11, 0.53, 9.1, 5
5.9, 0.27, 0.27, 5.0, 0.035, 14.0, 97.0, 0.99058, 3.1, 0.33, 11.8, 7
6.0, 0.16, 0.22, 1.6, 0.042, 36.0, 106.0, 0.9905, 3.24, 0.32, 11.4, 6
6.7, 0.3, 0.44, 18.75, 0.057, 65.0, 224.0, 0.99956, 3.11, 0.53, 9.1, 5
6.7, 0.47, 0.29, 4.75, 0.034, 29.0, 134.0, 0.99056, 3.29, 0.46, 13.0, 7
6.6, 0.21, 0.29, 5.35, 0.029, 43.0, 106.0, 0.99112, 2.93, 0.43, 11.5, 7
6.8, 0.19, 0.34, 1.9, 0.04, 41.0, 108.0, 0.99, 3.25, 0.45, 12.9, 6
6.5, 0.22, 0.19, 1.1, 0.064, 36.0, 191.0, 0.99297, 3.05, 0.5, 9.5, 6
6.2, 0.37, 0.24, 6.1, 0.032, 19.0, 86.0, 0.98934, 3.04, 0.26, 13.4, 8
5.9, 0.32, 0.28, 4.7, 0.039, 34.0, 94.0, 0.98964, 3.22, 0.57, 13.1, 7
7.5, 0.21, 0.32, 4.8, 0.056, 39.0, 113.0, 0.99393, 3.11, 0.52, 10.2, 7
7.8, 0.2, 0.2, 1.4, 0.036, 25.0, 83.0, 0.99088, 3.03, 0.46, 11.7, 6
6.7, 0.24, 0.36, 8.4, 0.042, 42.0, 123.0, 0.99473, 3.34, 0.52, 10.9, 6
6.0, 0.24, 0.28, 3.95, 0.038, 61.0, 134.0, 0.99146, 3.3, 0.54, 11.3, 7
6.1, 0.33, 0.3, 3.0, 0.036, 30.0, 124.0, 0.98922, 3.31, 0.4, 13.1, 7
6.9, 0.33, 0.31, 4.2, 0.04, 21.0, 93.0, 0.9896, 3.18, 0.48, 13.4, 7
7.5, 0.33, 0.28, 4.9, 0.042, 21.0, 155.0, 0.99385, 3.36, 0.57, 10.9, 6
6.3, 0.21, 0.31, 1.2, 0.043, 30.0, 117.0, 0.99158, 3.49, 0.68, 11.0, 6
6.0, 0.23, 0.15, 9.7, 0.048, 101.0, 207.0, 0.99571, 3.05, 0.3, 9.1, 5
7.8, 0.28, 0.25, 3.4, 0.024, 27.0, 99.0, 0.98959, 2.98, 0.37, 13.0, 6
8.1, 0.26, 0.27, 4.3, 0.03, 43.0, 123.0, 0.99212, 3.16, 0.33, 11.2, 6
6.0, 0.33, 0.2, 1.8, 0.031, 49.0, 159.0, 0.9919, 3.41, 0.53, 11.0, 6
5.8, 0.14, 0.15, 6.1, 0.042, 27.0, 123.0, 0.99362, 3.06, 0.6, 9.9, 6
6.9, 0.26, 0.27, 4.2, 0.031, 20.0, 80.0, 0.99089, 3.12, 0.39, 11.5, 6
7.8, 0.31, 0.4, 1.6, 0.027, 20.0, 87.0, 0.9911, 3.15, 0.48, 11.9, 6
6.3, 0.32, 0.32, 1.5, 0.037, 12.0, 76.0, 0.98993, 3.3, 0.46, 12.3, 6
6.8, 0.19, 0.71, 17.5, 0.042, 21.0, 114.0, 0.99784, 2.85, 0.5, 9.5, 6
6.6, 0.17, 0.28, 1.1, 0.034, 55.0, 108.0, 0.98939, 3.0, 0.52, 11.9, 7
6.8, 0.14, 0.18, 1.4, 0.047, 30.0, 90.0, 0.99164, 3.27, 0.54, 11.2, 6
6.7, 0.35, 0.48, 8.8, 0.056, 35.0, 167.0, 0.99628, 3.04, 0.47, 9.4, 5
6.8, 0.16, 0.18, 1.8, 0.046, 31.0, 114.0, 0.99226, 3.27, 0.55, 10.8, 6
7.2, 0.24, 0.3, 1.2, 0.037, 11.0, 95.0, 0.98914, 2.96, 0.36, 12.5, 6
6.8, 0.45, 0.28, 26.05, 0.031, 27.0, 122.0, 1.00295, 3.06, 0.42, 10.6, 6
7.7, 0.32, 0.61, 11.8, 0.041, 66.0, 188.0, 0.99794, 3.0, 0.54, 9.3, 5
7.0, 0.29, 0.33, 0.9, 0.041, 20.0, 117.0, 0.99048, 3.21, 0.5, 11.4, 5
6.5, 0.21, 0.51, 17.6, 0.045, 34.0, 125.0, 0.99966, 3.2, 0.47, 8.8, 6
8.7, 0.3, 0.34, 4.8, 0.018, 23.0, 127.0, 0.99474, 3.12, 0.49, 11.2, 7
6.4, 0.29, 0.32, 2.4, 0.014, 34.0, 89.0, 0.99008, 3.24, 0.66, 12.5, 7
6.7, 0.13, 0.32, 3.7, 0.017, 32.0, 99.0, 0.99348, 3.12, 0.44, 10.0, 6
7.3, 0.31, 0.25, 6.65, 0.032, 30.0, 138.0, 0.99244, 2.9, 0.37, 11.1, 5
7.0, 0.29, 0.37, 1.6, 0.035, 34.0, 126.0, 0.99058, 3.26, 0.47, 12.3, 6
6.9, 0.19, 0.6, 4.0, 0.037, 6.0, 122.0, 0.99255, 2.92, 0.59, 10.4, 4
6.8, 0.52, 0.26, 5.7, 0.038, 27.0, 130.0, 0.99, 3.11, 0.27, 13.0, 7
5.8, 0.275, 0.3, 5.4, 0.043, 41.0, 149.0, 0.9926, 3.33, 0.42, 10.8, 7
7.2, 0.23, 0.25, 18.8, 0.085, 19.0, 111.0, 1.00044, 3.1, 0.51, 8.7, 5
7.1, 0.2, 0.27, 9.6, 0.037, 19.0, 105.0, 0.99444, 3.04, 0.37, 10.5, 7
7.1, 0.21, 0.35, 2.5, 0.04, 41.0, 186.0, 0.99128, 3.32, 0.56, 12.5, 6
5.6, 0.21, 0.24, 4.4, 0.027, 37.0, 150.0, 0.991, 3.3, 0.31, 11.5, 7
7.4, 0.22, 0.26, 8.8, 0.027, 23.0, 112.0, 0.9931, 2.98, 0.41, 11.4, 6
6.4, 0.16, 0.44, 1.2, 0.051, 39.0, 122.0, 0.99058, 3.11, 0.75, 11.3, 7
6.8, 0.15, 0.41, 12.9, 0.044, 79.5, 182.0, 0.99742, 3.24, 0.78, 10.2, 6
7.5, 0.24, 0.31, 13.1, 0.05, 26.0, 180.0, 0.99884, 3.05, 0.53, 9.1, 6
7.5, 0.24, 0.31, 13.1, 0.05, 26.0, 180.0, 0.99884, 3.05, 0.53, 9.1, 6
7.7, 0.35, 0.46, 11.8, 0.088, 61.0, 183.0, 0.99786, 2.86, 0.47, 9.0, 5
7.5, 0.24, 0.31, 13.1, 0.05, 26.0, 180.0, 0.99884, 3.05, 0.53, 9.1, 6
6.6, 0.3, 0.45, 8.0, 0.038, 54.0, 200.0, 0.9956, 3.18, 0.48, 9.5, 5
6.3, 0.34, 0.27, 2.5, 0.024, 40.0, 152.0, 0.99095, 3.35, 0.6, 11.9, 7
6.0, 0.21, 0.29, 13.1, 0.042, 28.0, 125.0, 0.99936, 3.39, 0.45, 8.6, 5
7.0, 0.15, 0.28, 14.7, 0.051, 29.0, 149.0, 0.99792, 2.96, 0.39, 9.0, 7
7.0, 0.15, 0.28, 14.7, 0.051, 29.0, 149.0, 0.99792, 2.96, 0.39, 9.0, 7
7.0, 0.15, 0.28, 14.7, 0.051, 29.0, 149.0, 0.99792, 2.96, 0.39, 9.0, 7
7.0, 0.15, 0.28, 14.7, 0.051, 29.0, 149.0, 0.99792, 2.96, 0.39, 9.0, 7
6.6, 0.27, 0.33, 1.4, 0.042, 24.0, 183.0, 0.99215, 3.29, 0.46, 10.7, 5
7.8, 0.19, 0.32, 7.4, 0.015, 47.0, 124.0, 0.99278, 2.99, 0.39, 11.0, 6
6.6, 0.27, 0.33, 1.4, 0.042, 24.0, 183.0, 0.99215, 3.29, 0.46, 10.7, 5
6.7, 0.42, 0.39, 12.1, 0.04, 61.0, 248.0, 0.99794, 3.31, 0.58, 9.7, 5
6.9, 0.33, 0.31, 7.7, 0.04, 29.0, 135.0, 0.99226, 3.11, 0.57, 12.3, 5
8.3, 0.18, 0.3, 1.1, 0.033, 20.0, 57.0, 0.99109, 3.02, 0.51, 11.0, 6
7.2, 0.17, 0.34, 6.4, 0.042, 16.0, 111.0, 0.99278, 2.99, 0.4, 10.8, 6
8.1, 0.2, 0.3, 1.3, 0.036, 7.0, 49.0, 0.99242, 2.99, 0.73, 10.3, 5
7.0, 0.39, 0.21, 10.7, 0.098, 13.0, 91.0, 0.99657, 3.03, 0.47, 9.3, 5
6.8, 0.21, 0.62, 6.4, 0.041, 7.0, 113.0, 0.99358, 2.96, 0.59, 10.2, 5
7.0, 0.3, 0.28, 2.2, 0.042, 21.0, 177.0, 0.99166, 3.2, 0.57, 11.4, 5
7.4, 0.34, 0.28, 12.1, 0.049, 31.0, 149.0, 0.99677, 3.22, 0.49, 10.3, 5
6.9, 0.28, 0.28, 12.2, 0.042, 52.0, 139.0, 0.99522, 3.03, 0.56, 10.4, 6
6.7, 0.26, 0.49, 8.1, 0.052, 48.0, 197.0, 0.99558, 3.19, 0.48, 9.5, 5
5.1, 0.35, 0.26, 6.8, 0.034, 36.0, 120.0, 0.99188, 3.38, 0.4, 11.5, 6
6.3, 0.4, 0.24, 5.1, 0.036, 43.0, 131.0, 0.99186, 3.24, 0.44, 11.3, 6
6.8, 0.31, 0.19, 3.5, 0.086, 30.0, 130.0, 0.993, 2.83, 0.44, 9.6, 5
6.8, 0.31, 0.19, 3.5, 0.086, 30.0, 130.0, 0.993, 2.83, 0.44, 9.6, 5
8.0, 0.27, 0.33, 1.2, 0.05, 41.0, 103.0, 0.99002, 3.0, 0.45, 12.4, 6
8.0, 0.27, 0.33, 1.2, 0.05, 41.0, 103.0, 0.99002, 3.0, 0.45, 12.4, 6
6.6, 0.21, 0.5, 8.7, 0.036, 41.0, 191.0, 0.99294, 2.96, 0.56, 11.0, 6
5.9, 0.2, 0.23, 1.5, 0.037, 38.0, 93.0, 0.99021, 3.36, 0.49, 12.0, 6
6.2, 0.22, 0.3, 12.4, 0.054, 108.0, 152.0, 0.99728, 3.1, 0.47, 9.5, 6
6.0, 0.31, 0.38, 4.8, 0.04, 41.0, 101.0, 0.98968, 3.24, 0.56, 13.1, 6
7.3, 0.25, 0.26, 7.2, 0.048, 52.0, 207.0, 0.99587, 3.12, 0.37, 9.2, 5
6.2, 0.22, 0.3, 12.4, 0.054, 108.0, 152.0, 0.99728, 3.1, 0.47, 9.5, 6
6.5, 0.27, 0.19, 6.6, 0.045, 98.0, 175.0, 0.99364, 3.16, 0.34, 10.1, 6
7.3, 0.36, 0.54, 13.3, 0.054, 63.0, 193.0, 0.99864, 3.06, 0.49, 8.6, 4
6.7, 0.26, 0.51, 8.0, 0.062, 50.0, 194.0, 0.99545, 3.13, 0.5, 9.6, 5
7.0, 0.34, 0.1, 3.5, 0.044, 17.0, 63.0, 0.9937, 3.01, 0.39, 9.2, 5
5.0, 0.455, 0.18, 1.9, 0.036, 33.0, 106.0, 0.98746, 3.21, 0.83, 14.0, 7
6.5, 0.33, 0.3, 3.8, 0.036, 34.0, 88.0, 0.99028, 3.25, 0.63, 12.5, 7
7.2, 0.23, 0.82, 1.3, 0.149, 70.0, 109.0, 0.99304, 2.93, 0.42, 9.2, 6
7.2, 0.25, 0.32, 1.5, 0.054, 24.0, 105.0, 0.99154, 3.17, 0.48, 11.1, 6
4.7, 0.455, 0.18, 1.9, 0.036, 33.0, 106.0, 0.98746, 3.21, 0.83, 14.0, 7
8.6, 0.31, 0.3, 0.9, 0.045, 16.0, 109.0, 0.99249, 2.95, 0.39, 10.1, 5
8.6, 0.22, 0.33, 1.2, 0.031, 38.0, 95.0, 0.99239, 2.83, 0.31, 10.3, 5
6.5, 0.22, 0.31, 3.9, 0.046, 17.0, 106.0, 0.99098, 3.15, 0.31, 11.5, 5
8.7, 0.31, 0.21, 5.6, 0.039, 28.0, 67.0, 0.99328, 2.96, 0.52, 11.0, 4
6.5, 0.36, 0.36, 6.7, 0.185, 51.5, 151.0, 0.99528, 3.17, 0.42, 9.3, 5
7.2, 0.23, 0.39, 1.5, 0.053, 26.0, 106.0, 0.99166, 3.18, 0.47, 11.1, 6
6.1, 0.27, 0.32, 6.2, 0.048, 47.0, 161.0, 0.99281, 3.22, 0.6, 11.0, 6
6.9, 0.4, 0.37, 8.9, 0.053, 36.0, 148.0, 0.996, 3.16, 0.5, 9.3, 5
6.3, 0.27, 0.51, 7.6, 0.049, 35.0, 200.0, 0.99548, 3.16, 0.54, 9.4, 4
6.3, 0.27, 0.51, 7.6, 0.049, 35.0, 200.0, 0.99548, 3.16, 0.54, 9.4, 4
6.5, 0.29, 0.52, 1.7, 0.034, 41.0, 193.0, 0.99223, 3.25, 0.59, 10.4, 6
6.1, 0.24, 0.26, 1.7, 0.033, 61.0, 134.0, 0.9903, 3.19, 0.81, 11.9, 7
5.6, 0.23, 0.25, 8.0, 0.043, 31.0, 101.0, 0.99429, 3.19, 0.42, 10.4, 6
6.8, 0.11, 0.27, 8.6, 0.044, 45.0, 104.0, 0.99454, 3.2, 0.37, 9.9, 6
6.8, 0.14, 0.35, 1.5, 0.047, 40.0, 117.0, 0.99111, 3.07, 0.72, 11.1, 6
6.5, 0.38, 0.26, 5.2, 0.042, 33.0, 112.0, 0.99067, 3.06, 0.5, 12.3, 7
6.8, 0.14, 0.35, 1.5, 0.047, 40.0, 117.0, 0.99111, 3.07, 0.72, 11.1, 6
6.1, 0.25, 0.48, 15.8, 0.052, 25.0, 94.0, 0.99782, 3.07, 0.45, 9.2, 6
6.4, 0.24, 0.49, 5.8, 0.053, 25.0, 120.0, 0.9942, 3.01, 0.98, 10.5, 6
7.2, 0.4, 0.24, 8.5, 0.055, 45.0, 151.0, 0.99626, 3.2, 0.52, 9.2, 5
6.4, 0.18, 0.48, 18.0, 0.054, 56.0, 183.0, 1.00038, 2.98, 0.61, 8.5, 6
6.0, 0.28, 0.27, 4.1, 0.046, 50.0, 147.0, 0.99126, 3.27, 0.56, 11.6, 6
6.2, 0.32, 0.45, 2.9, 0.029, 37.0, 94.0, 0.98998, 3.25, 0.6, 12.4, 6
6.9, 0.19, 0.38, 1.15, 0.023, 30.0, 105.0, 0.99047, 3.11, 0.38, 11.4, 5
6.8, 0.27, 0.22, 17.8, 0.034, 16.0, 116.0, 0.9989, 3.07, 0.53, 9.2, 5
6.4, 0.2, 0.22, 7.4, 0.032, 53.0, 172.0, 0.99404, 3.24, 0.58, 11.0, 6
6.2, 0.24, 0.22, 7.9, 0.053, 45.0, 149.0, 0.99545, 3.23, 0.52, 9.3, 5
6.8, 0.16, 0.36, 1.3, 0.034, 32.0, 98.0, 0.99058, 3.02, 0.58, 11.3, 6
6.4, 0.41, 0.01, 6.1, 0.048, 20.0, 70.0, 0.99362, 3.19, 0.42, 10.0, 5
7.1, 0.44, 0.27, 8.4, 0.057, 60.0, 160.0, 0.99257, 3.16, 0.36, 11.8, 6
5.4, 0.265, 0.28, 7.8, 0.052, 27.0, 91.0, 0.99432, 3.19, 0.38, 10.4, 6
6.5, 0.33, 0.24, 14.5, 0.048, 20.0, 96.0, 0.99456, 3.06, 0.3, 11.5, 8
7.3, 0.25, 0.27, 3.8, 0.047, 16.0, 79.0, 0.99173, 3.07, 0.46, 11.3, 6
6.7, 0.24, 0.3, 10.2, 0.07, 44.0, 179.0, 0.99666, 2.86, 0.46, 8.9, 6
6.6, 0.41, 0.27, 10.7, 0.11, 20.0, 103.0, 0.99672, 3.08, 0.41, 9.0, 6
6.3, 0.29, 0.23, 14.2, 0.037, 24.0, 99.0, 0.99528, 3.08, 0.38, 10.6, 6
6.9, 0.45, 0.27, 4.7, 0.035, 17.0, 80.0, 0.99058, 3.12, 0.36, 12.5, 7
6.8, 0.3, 0.26, 20.3, 0.037, 45.0, 150.0, 0.99727, 3.04, 0.38, 12.3, 6
5.0, 0.255, 0.22, 2.7, 0.043, 46.0, 153.0, 0.99238, 3.75, 0.76, 11.3, 6
7.6, 0.4, 0.27, 1.2, 0.053, 23.0, 193.0, 0.99164, 3.22, 0.38, 11.6, 5
7.5, 0.21, 0.29, 1.5, 0.046, 35.0, 107.0, 0.99123, 3.15, 0.45, 11.3, 6
6.6, 0.33, 0.32, 15.6, 0.054, 62.0, 227.0, 0.99734, 3.25, 0.56, 10.4, 5
7.4, 0.31, 0.26, 8.6, 0.048, 47.0, 206.0, 0.9964, 3.26, 0.36, 9.1, 5
5.7, 0.25, 0.27, 11.5, 0.04, 24.0, 120.0, 0.99411, 3.33, 0.31, 10.8, 6
6.8, 0.27, 0.28, 7.8, 0.038, 26.0, 89.0, 0.9915, 3.24, 0.34, 12.5, 6
5.9, 0.65, 0.23, 5.0, 0.035, 20.0, 128.0, 0.99016, 3.46, 0.48, 12.8, 6
6.8, 0.18, 0.35, 5.4, 0.054, 53.0, 143.0, 0.99287, 3.1, 0.54, 11.0, 7
7.1, 0.13, 0.29, 15.5, 0.064, 56.0, 115.5, 0.99737, 3.16, 0.41, 9.7, 7
6.8, 0.18, 0.35, 5.4, 0.054, 53.0, 143.0, 0.99287, 3.1, 0.54, 11.0, 7
6.2, 0.2, 0.25, 15.0, 0.055, 8.0, 120.0, 0.99767, 3.19, 0.53, 9.6, 6
6.2, 0.32, 0.5, 6.5, 0.048, 61.0, 186.0, 0.9948, 3.19, 0.45, 9.6, 5
7.4, 0.16, 0.3, 13.7, 0.056, 33.0, 168.0, 0.99825, 2.9, 0.44, 8.7, 7
7.4, 0.16, 0.3, 13.7, 0.056, 33.0, 168.0, 0.99825, 2.9, 0.44, 8.7, 7
7.4, 0.16, 0.3, 13.7, 0.056, 33.0, 168.0, 0.99825, 2.9, 0.44, 8.7, 7
7.4, 0.16, 0.3, 13.7, 0.056, 33.0, 168.0, 0.99825, 2.9, 0.44, 8.7, 7
6.0, 0.19, 0.26, 1.4, 0.039, 30.0, 104.0, 0.98998, 3.32, 0.41, 12.4, 6
6.7, 0.21, 0.34, 1.5, 0.035, 45.0, 123.0, 0.98949, 3.24, 0.36, 12.6, 7
6.9, 0.35, 0.39, 2.4, 0.048, 25.0, 157.0, 0.99133, 3.2, 0.54, 11.1, 7
6.5, 0.31, 0.61, 13.0, 0.053, 31.0, 123.0, 0.99708, 3.09, 0.5, 9.3, 6
5.9, 0.24, 0.34, 2.0, 0.037, 40.0, 108.0, 0.98948, 3.19, 0.5, 12.3, 6
6.7, 0.2, 0.24, 6.5, 0.044, 28.0, 100.0, 0.99348, 3.12, 0.33, 10.2, 6
5.8, 0.22, 0.29, 1.3, 0.036, 25.0, 68.0, 0.98865, 3.24, 0.35, 12.6, 6
6.3, 0.3, 0.48, 7.4, 0.053, 34.0, 149.0, 0.99472, 3.18, 0.53, 9.8, 5
8.0, 0.24, 0.33, 1.2, 0.044, 28.0, 101.0, 0.99035, 3.03, 0.43, 12.5, 6
7.0, 0.44, 0.24, 12.1, 0.056, 68.0, 210.0, 0.99718, 3.05, 0.5, 9.5, 5
7.0, 0.44, 0.24, 12.1, 0.056, 68.0, 210.0, 0.99718, 3.05, 0.5, 9.5, 5
6.0, 0.19, 0.29, 1.2, 0.046, 29.0, 92.0, 0.99033, 3.22, 0.53, 11.3, 6
6.3, 0.26, 0.25, 5.2, 0.046, 11.0, 133.0, 0.99202, 2.97, 0.68, 11.0, 6
5.9, 0.22, 0.29, 4.2, 0.037, 69.0, 144.0, 0.99214, 3.13, 0.74, 10.8, 7
7.5, 0.29, 0.24, 9.9, 0.058, 25.0, 115.0, 0.99567, 3.15, 0.46, 10.9, 5
5.8, 0.3, 0.23, 1.5, 0.034, 37.0, 121.0, 0.98871, 2.96, 0.34, 12.1, 6
6.0, 0.29, 0.27, 2.3, 0.044, 20.0, 117.0, 0.9895, 3.31, 0.41, 12.7, 7
5.7, 0.22, 0.29, 3.5, 0.04, 27.0, 146.0, 0.98999, 3.17, 0.36, 12.1, 6
6.9, 0.42, 0.2, 15.4, 0.043, 57.0, 201.0, 0.99848, 3.08, 0.54, 9.4, 5
5.7, 0.22, 0.2, 16.0, 0.044, 41.0, 113.0, 0.99862, 3.22, 0.46, 8.9, 6
7.6, 0.28, 0.17, 1.6, 0.046, 28.0, 117.0, 0.99288, 3.08, 0.43, 10.0, 5
7.0, 0.2, 0.33, 4.7, 0.03, 25.0, 76.0, 0.99202, 2.88, 0.54, 10.5, 6
6.9, 0.22, 0.32, 5.8, 0.041, 20.0, 119.0, 0.99296, 3.17, 0.55, 11.2, 6
6.4, 0.29, 0.3, 6.5, 0.209, 62.0, 156.0, 0.99478, 3.1, 0.4, 9.4, 5
6.7, 0.41, 0.24, 5.4, 0.035, 33.0, 115.0, 0.9901, 3.12, 0.44, 12.8933333333333, 7
6.4, 0.24, 0.26, 8.2, 0.054, 47.0, 182.0, 0.99538, 3.12, 0.5, 9.5, 5
6.4, 0.24, 0.26, 8.2, 0.054, 47.0, 182.0, 0.99538, 3.12, 0.5, 9.5, 5
7.4, 0.38, 0.34, 8.3, 0.052, 44.0, 168.0, 0.99627, 3.11, 0.52, 9.2, 5
7.3, 0.19, 0.27, 13.9, 0.057, 45.0, 155.0, 0.99807, 2.94, 0.41, 8.8, 8
7.3, 0.19, 0.27, 13.9, 0.057, 45.0, 155.0, 0.99807, 2.94, 0.41, 8.8, 8
7.3, 0.19, 0.27, 13.9, 0.057, 45.0, 155.0, 0.99807, 2.94, 0.41, 8.8, 8
7.3, 0.19, 0.27, 13.9, 0.057, 45.0, 155.0, 0.99807, 2.94, 0.41, 8.8, 8
6.7, 0.27, 0.69, 1.2, 0.176, 36.0, 106.0, 0.99288, 2.96, 0.43, 9.2, 6
7.2, 0.34, 0.28, 10.4, 0.108, 43.0, 187.0, 0.99738, 2.96, 0.57, 9.4, 5
7.2, 0.34, 0.2, 5.8, 0.062, 52.0, 203.0, 0.99461, 3.17, 0.44, 9.8, 6
6.4, 0.29, 0.21, 9.65, 0.041, 36.0, 119.0, 0.99334, 2.99, 0.34, 10.9333333333333, 6
6.1, 0.26, 0.28, 1.7, 0.043, 24.0, 98.0, 0.98918, 3.14, 0.44, 12.5, 6
6.5, 0.13, 0.27, 2.6, 0.035, 32.0, 76.0, 0.9914, 3.21, 0.76, 11.3333333333333, 6
6.6, 0.24, 0.22, 12.3, 0.051, 35.0, 146.0, 0.99676, 3.1, 0.67, 9.4, 5
5.9, 0.29, 0.16, 7.9, 0.044, 48.0, 197.0, 0.99512, 3.21, 0.36, 9.4, 5
6.3, 0.19, 0.32, 2.8, 0.046, 18.0, 80.0, 0.99043, 2.92, 0.47, 11.05, 6
5.8, 0.3, 0.38, 4.9, 0.039, 22.0, 86.0, 0.98963, 3.23, 0.58, 13.1, 7
5.8, 0.3, 0.38, 4.9, 0.039, 22.0, 86.0, 0.98963, 3.23, 0.58, 13.1, 7
5.7, 0.24, 0.47, 6.3, 0.069, 35.0, 182.0, 0.99391, 3.11, 0.46, 9.75, 5
6.6, 0.22, 0.23, 17.3, 0.047, 37.0, 118.0, 0.99906, 3.08, 0.46, 8.8, 6
6.2, 0.21, 0.52, 6.5, 0.047, 28.0, 123.0, 0.99418, 3.22, 0.49, 9.9, 6
8.1, 0.36, 0.59, 13.6, 0.051, 60.0, 134.0, 0.99886, 2.96, 0.39, 8.7, 5
6.6, 0.38, 0.28, 2.8, 0.043, 17.0, 67.0, 0.98924, 3.21, 0.47, 13.2, 6
6.5, 0.29, 0.3, 9.15, 0.051, 25.0, 166.0, 0.99339, 3.24, 0.56, 11.35, 6
6.6, 0.27, 0.25, 1.2, 0.033, 36.0, 111.0, 0.98918, 3.16, 0.37, 12.4, 6
7.3, 0.3, 0.25, 2.5, 0.045, 32.0, 122.0, 0.99329, 3.18, 0.54, 10.3, 5
6.3, 0.39, 0.22, 2.8, 0.048, 53.0, 173.0, 0.99304, 3.24, 0.45, 9.8, 5
7.1, 0.42, 0.2, 2.8, 0.038, 28.0, 109.0, 0.98968, 3.23, 0.47, 13.4, 6
6.6, 0.26, 0.56, 15.4, 0.053, 32.0, 141.0, 0.9981, 3.11, 0.49, 9.3, 5
6.2, 0.2, 0.28, 1.1, 0.039, 24.0, 78.0, 0.9899, 3.36, 0.47, 12.1, 6
7.1, 0.36, 0.2, 1.6, 0.271, 24.0, 140.0, 0.99356, 3.11, 0.63, 9.8, 5
6.4, 0.32, 0.26, 7.9, 0.05, 53.0, 180.0, 0.99514, 3.14, 0.5, 9.6, 5
5.9, 0.22, 0.45, 22.6, 0.12, 55.0, 122.0, 0.99636, 3.1, 0.35, 12.8, 5
6.2, 0.3, 0.33, 3.5, 0.037, 37.0, 155.0, 0.98987, 3.18, 0.37, 12.4, 6
6.7, 0.48, 0.49, 2.9, 0.03, 28.0, 122.0, 0.98926, 3.13, 0.4, 13.0, 6
6.1, 0.28, 0.23, 4.2, 0.038, 13.0, 95.0, 0.98898, 2.97, 0.7, 13.1, 6
7.5, 0.24, 0.29, 1.1, 0.046, 34.0, 84.0, 0.9902, 3.04, 0.39, 11.45, 6
6.8, 0.2, 0.25, 6.2, 0.052, 22.0, 106.0, 0.9935, 3.09, 0.54, 10.8, 5
5.2, 0.38, 0.26, 7.7, 0.053, 20.0, 103.0, 0.9925, 3.27, 0.45, 12.2, 6
5.8, 0.26, 0.3, 2.6, 0.034, 75.0, 129.0, 0.9902, 3.2, 0.38, 11.5, 4
6.4, 0.37, 0.19, 3.5, 0.068, 18.0, 101.0, 0.9934, 3.03, 0.38, 9.0, 6
6.1, 0.25, 0.18, 10.5, 0.049, 41.0, 124.0, 0.9963, 3.14, 0.35, 10.5, 5
6.9, 0.28, 0.37, 9.1, 0.037, 16.0, 76.0, 0.9948, 3.05, 0.54, 11.1, 5
5.9, 0.29, 0.32, 1.4, 0.022, 17.0, 47.0, 0.9899, 3.35, 0.35, 11.5, 6
6.9, 0.28, 0.37, 9.1, 0.037, 16.0, 76.0, 0.9948, 3.05, 0.54, 11.1, 5
5.8, 0.28, 0.66, 9.1, 0.039, 26.0, 159.0, 0.9965, 3.66, 0.55, 10.8, 5
6.2, 0.2, 0.32, 2.8, 0.05, 17.0, 126.0, 0.9936, 3.18, 0.55, 9.4, 6
4.8, 0.13, 0.32, 1.2, 0.042, 40.0, 98.0, 0.9898, 3.42, 0.64, 11.8, 7
6.0, 0.2, 0.26, 14.7, 0.045, 53.0, 125.0, 0.998365, 2.99, 0.69, 9.4, 6
6.4, 0.23, 0.37, 7.9, 0.05, 60.0, 150.0, 0.99488, 2.86, 0.49, 9.3, 6
5.0, 0.33, 0.23, 11.8, 0.03, 23.0, 158.0, 0.99322, 3.41, 0.64, 11.8, 6
5.4, 0.29, 0.38, 1.2, 0.029, 31.0, 132.0, 0.98895, 3.28, 0.36, 12.4, 6
6.7, 0.45, 0.3, 5.3, 0.036, 27.0, 165.0, 0.99122, 3.12, 0.46, 12.2, 6
6.5, 0.36, 0.31, 13.55, 0.053, 20.0, 113.0, 0.99544, 3.2, 0.56, 11.0, 6
7.1, 0.39, 0.3, 9.9, 0.037, 29.0, 124.0, 0.99414, 3.07, 0.42, 10.9, 6
6.7, 0.53, 0.29, 4.3, 0.069, 20.0, 114.0, 0.99014, 3.22, 0.59, 13.4, 6
6.5, 0.16, 0.33, 1.0, 0.027, 23.0, 75.0, 0.9908, 3.3, 0.39, 11.4, 7
5.9, 0.44, 0.36, 2.5, 0.03, 12.0, 73.0, 0.99201, 3.22, 0.48, 10.8, 6
7.1, 0.33, 0.18, 6.3, 0.094, 27.0, 166.0, 0.99474, 2.9, 0.49, 9.5, 5
6.5, 0.5, 0.22, 4.1, 0.036, 35.0, 131.0, 0.9902, 3.26, 0.55, 13.0, 7
5.7, 0.25, 0.32, 12.2, 0.041, 43.0, 127.0, 0.99524, 3.23, 0.53, 10.4, 7
6.9, 0.54, 0.26, 12.7, 0.049, 59.0, 195.0, 0.99596, 3.26, 0.54, 10.5, 6
6.3, 0.36, 0.28, 2.5, 0.035, 18.0, 73.0, 0.98868, 3.1, 0.47, 12.8, 7
6.0, 0.29, 0.41, 10.8, 0.048, 55.0, 149.0, 0.9937, 3.09, 0.59, 10.9666666666667, 7
7.3, 0.17, 0.36, 8.2, 0.028, 44.0, 111.0, 0.99272, 3.14, 0.41, 12.4, 6
6.0, 0.17, 0.33, 6.0, 0.036, 30.0, 111.0, 0.99362, 3.32, 0.58, 10.15, 7
4.9, 0.335, 0.14, 1.3, 0.036, 69.0, 168.0, 0.99212, 3.47, 0.46, 10.4666666666667, 5
6.6, 0.285, 0.49, 11.4, 0.035, 57.0, 137.0, 0.99732, 3.08, 0.54, 8.9, 6
6.9, 0.19, 0.31, 19.25, 0.043, 38.0, 167.0, 0.99954, 2.93, 0.52, 9.1, 7
5.7, 0.27, 0.16, 9.0, 0.053, 32.0, 111.0, 0.99474, 3.36, 0.37, 10.4, 6
6.7, 0.15, 0.32, 7.9, 0.034, 17.0, 81.0, 0.99512, 3.29, 0.31, 10.0, 6
5.2, 0.24, 0.15, 7.1, 0.043, 32.0, 134.0, 0.99378, 3.24, 0.48, 9.9, 6
6.1, 0.32, 0.33, 10.7, 0.036, 27.0, 98.0, 0.99521, 3.34, 0.52, 10.2, 6
6.1, 0.24, 0.32, 9.0, 0.031, 41.0, 134.0, 0.99234, 3.25, 0.26, 12.3, 7
6.0, 0.27, 0.32, 3.6, 0.035, 36.0, 133.0, 0.99215, 3.23, 0.46, 10.8, 6
6.1, 0.26, 0.25, 2.9, 0.047, 289.0, 440.0, 0.99314, 3.44, 0.64, 10.5, 3
6.2, 0.35, 0.25, 18.4, 0.051, 28.0, 182.0, 0.99946, 3.13, 0.62, 9.3, 6
6.0, 0.14, 0.37, 1.2, 0.032, 63.0, 148.0, 0.99185, 3.32, 0.44, 11.2, 5
5.1, 0.25, 0.36, 1.3, 0.035, 40.0, 78.0, 0.9891, 3.23, 0.64, 12.1, 7
6.4, 0.19, 0.35, 10.2, 0.043, 40.0, 106.0, 0.99632, 3.16, 0.5, 9.7, 6
6.0, 0.38, 0.26, 3.5, 0.035, 38.0, 111.0, 0.98872, 3.18, 0.47, 13.6, 7
6.5, 0.2, 0.35, 3.9, 0.04, 27.0, 140.0, 0.99102, 2.98, 0.53, 11.8, 6
6.2, 0.15, 0.27, 11.0, 0.035, 46.0, 116.0, 0.99602, 3.12, 0.38, 9.1, 6
5.3, 0.4, 0.25, 3.9, 0.031, 45.0, 130.0, 0.99072, 3.31, 0.58, 11.75, 7
5.9, 0.26, 0.29, 5.4, 0.046, 34.0, 116.0, 0.99224, 3.24, 0.41, 11.4, 6
6.6, 0.19, 0.25, 1.2, 0.052, 34.0, 181.0, 0.99352, 3.3, 0.42, 9.4, 7
6.8, 0.27, 0.3, 13.0, 0.047, 69.0, 160.0, 0.99705, 3.16, 0.5, 9.6, 6
6.4, 0.28, 0.45, 8.6, 0.057, 47.0, 223.0, 0.99654, 3.16, 0.51, 9.1, 5
6.0, 0.59, 0.0, 0.8, 0.037, 30.0, 95.0, 0.99032, 3.1, 0.4, 10.9, 4
4.4, 0.32, 0.39, 4.3, 0.03, 31.0, 127.0, 0.98904, 3.46, 0.36, 12.8, 8
5.5, 0.62, 0.33, 1.7, 0.037, 24.0, 118.0, 0.98758, 3.15, 0.39, 13.55, 6
6.0, 0.32, 0.3, 7.3, 0.174, 46.0, 159.0, 0.99519, 3.18, 0.49, 9.4, 5
6.6, 0.28, 0.09, 10.9, 0.051, 37.0, 131.0, 0.99566, 2.93, 0.62, 9.5, 6
6.0, 0.34, 0.29, 6.1, 0.046, 29.0, 134.0, 0.99462, 3.48, 0.57, 10.7, 6
5.9, 0.32, 0.26, 1.5, 0.057, 17.0, 141.0, 0.9917, 3.24, 0.36, 10.7, 5
5.3, 0.275, 0.24, 7.4, 0.038, 28.0, 114.0, 0.99313, 3.38, 0.51, 11.0, 6
5.6, 0.34, 0.25, 2.5, 0.046, 47.0, 182.0, 0.99093, 3.21, 0.4, 11.3, 5
4.4, 0.54, 0.09, 5.1, 0.038, 52.0, 97.0, 0.99022, 3.41, 0.4, 12.2, 7
6.4, 0.33, 0.44, 8.9, 0.055, 52.0, 164.0, 0.99488, 3.1, 0.48, 9.6, 5
6.2, 0.35, 0.29, 3.9, 0.041, 22.0, 79.0, 0.99005, 3.1, 0.59, 12.0666666666667, 6
5.9, 0.22, 0.3, 1.3, 0.052, 42.0, 86.0, 0.99069, 3.31, 0.47, 11.55, 6
5.7, 0.41, 0.21, 1.9, 0.048, 30.0, 112.0, 0.99138, 3.29, 0.55, 11.2, 6
5.8, 0.23, 0.31, 4.5, 0.046, 42.0, 124.0, 0.99324, 3.31, 0.64, 10.8, 6
5.0, 0.2, 0.4, 1.9, 0.015, 20.0, 98.0, 0.9897, 3.37, 0.55, 12.05, 6
4.9, 0.47, 0.17, 1.9, 0.035, 60.0, 148.0, 0.98964, 3.27, 0.35, 11.5, 6
6.6, 0.34, 0.4, 8.1, 0.046, 68.0, 170.0, 0.99494, 3.15, 0.5, 9.55, 6
4.9, 0.235, 0.27, 11.75, 0.03, 34.0, 118.0, 0.9954, 3.07, 0.5, 9.4, 6
6.2, 0.21, 0.29, 1.6, 0.039, 24.0, 92.0, 0.99114, 3.27, 0.5, 11.2, 6
6.6, 0.32, 0.36, 8.0, 0.047, 57.0, 168.0, 0.9949, 3.15, 0.46, 9.6, 5
